-0.9552   0
-0.9452   0
-0.9352   0
-0.9252   0
-0.9152   0
-0.9052   0
-0.8952   0
-0.8852   0
-0.8752   0
-0.8652   0
-0.8552   0
-0.8452   0
-0.8352   0
-0.8252   0
-0.8152   0
-0.8052   0
-0.7952   0
-0.7852   0
-0.7752   0
-0.7652   0
-0.7552   0
-0.7452   0
-0.7352   0
-0.7252   0
-0.7152   0
-0.7052   0
-0.6952   0
-0.6852   0
-0.6752   0
-0.6652   0
-0.6552   0
-0.6452   0
-0.6352   0
-0.6252   0
-0.6152   0
-0.6052   0
-0.5952   0
-0.5852   0
-0.5752   0
-0.5652   0
-0.5552   0
-0.5452   0
-0.5352   0
-0.5252   0
-0.5152   0
-0.5052   0
-0.4952   0
-0.4852   0
-0.4752   0
-0.4652   0
-0.4552   0
-0.4452   0
-0.4352   0
-0.4252   0
-0.4152   0
-0.4052   0
-0.3952   0
-0.3852   0
-0.3752   0
-0.3652   0
-0.3552   0
-0.3452   0
-0.3352   0
-0.3252   0
-0.3152   0
-0.3052   0
-0.2952   0
-0.2852   0
-0.2752   0
-0.2652   0
-0.2552   0
-0.2452   0
-0.2352   0
-0.2252   0
-0.2152   0
-0.2052   0
-0.1952   0
-0.1852   0
-0.1752   1
-0.1652   1
-0.1552   2
-0.1452  11
-0.1352   8
-0.1252  20
-0.1152  42
-0.1052  72
-0.0952 102
-0.0852 136
-0.0752 238
-0.0652 320
-0.0552 435
-0.0452 558
-0.0352 654
-0.0252 731
-0.0152 761
-0.0052 868
 0.0048 834
 0.0148 835
 0.0248 717
 0.0348 608
 0.0448 564
 0.0548 368
 0.0648 322
 0.0748 235
 0.0848 152
 0.0948 121
 0.1048  65
 0.1148  41
 0.1248  17
 0.1348  19
 0.1448  12
 0.1548   3
 0.1648   0
 0.1748   1
 0.1848   0
 0.1948   1
 0.2048   0
 0.2148   0
 0.2248   0
 0.2348   0
 0.2448   0
 0.2548   0
 0.2648   0
 0.2748   0
 0.2848   0
 0.2948   0
 0.3048   0
 0.3148   0
 0.3248   0
 0.3348   0
 0.3448   0
 0.3548   0
 0.3648   0
 0.3748   0
 0.3848   0
 0.3948   0
 0.4048   0
 0.4148   0
 0.4248   2
 0.4348   2
 0.4448   0
 0.4548   2
 0.4648   1
 0.4748   1
 0.4848   0
 0.4948   1
 0.5048   2
 0.5148   3
 0.5248   2
 0.5348   0
 0.5448   1
 0.5548   1
 0.5648   1
 0.5748   1
 0.5848   0
 0.5948   1
 0.6048   3
 0.6148   4
 0.6248   1
 0.6348   2
 0.6448   1
 0.6548   4
 0.6648   2
 0.6748   0
 0.6848   3
 0.6948   0
 0.7048   1
 0.7148   1
 0.7248   0
 0.7348   0
 0.7448   0
 0.7548   1
 0.7648   0
 0.7748   0
 0.7848   0
 0.7948   1
 0.8048   0
 0.8148   1
 0.8248   0
 0.8348   1
 0.8448   1
 0.8548   0
 0.8648   0
 0.8748   1
 0.8848   0
 0.8948   0
 0.9048   2
 0.9148   0
 0.9248   1
 0.9348   0
 0.9448   0
 0.9548   1
 0.9648   1
 0.9748   0
 0.9848   0
 0.9948   1
 1.0048   0
 1.0148   0
 1.0248   2
 1.0348   2
 1.0448   0
 1.0548   0
 1.0648   0
 1.0748   1
 1.0848   0
 1.0948   1
 1.1048   1
 1.1148   0
 1.1248   1
 1.1348   2
 1.1448   1
 1.1548   0
 1.1648   0
 1.1748   0
 1.1848   1
 1.1948   0
 1.2048   1
 1.2148   0
 1.2248   0
 1.2348   0
 1.2448   1
 1.2548   1
 1.2648   2
 1.2748   1
 1.2848   1
 1.2948   0
 1.3048   1
 1.3148   0
 1.3248   0
 1.3348   0
 1.3448   1
 1.3548   1
 1.3648   0
 1.3748   2
 1.3848   2
 1.3948  -1
 1.4048   0
 1.4148   2
 1.4248   1
 1.4348   0
 1.4448   0
 1.4548   2
 1.4648   0
 1.4748   2
 1.4848   3
 1.4948   2
 1.5048   1
 1.5148   1
 1.5248   1
 1.5348   0
 1.5448   0
 1.5548  -1
 1.5648  -1
 1.5748  -1
 1.5848   0
 1.5948  -1
 1.6048   0
 1.6148  -1
 1.6248  -1
 1.6348  -1
 1.6448   1
 1.6548   1
 1.6648   1
 1.6748   1
 1.6848   1
 1.6948   1
 1.7048   0
 1.7148   1
 1.7248   1
 1.7348   0
 1.7448   0
 1.7548   0
 1.7648   0
 1.7748   2
 1.7848   1
 1.7948   0
 1.8048   1
 1.8148   0
 1.8248   1
 1.8348   0
 1.8448   1
 1.8548   0
 1.8648   1
 1.8748   2
 1.8848   1
 1.8948   0
 1.9048   1
 1.9148   1
 1.9248   1
 1.9348   0
 1.9448   1
 1.9548   4
 1.9648   3
 1.9748   1
 1.9848   2
 1.9948   5
 2.0048   2
 2.0148   5
 2.0248   7
 2.0348   0
 2.0448   0
 2.0548   1
 2.0648   1
 2.0748   1
 2.0848   1
 2.0948   2
 2.1048   1
 2.1148   1
 2.1248   1
 2.1348   1
 2.1448   0
 2.1548   0
 2.1648   1
 2.1748   1
 2.1848   1
 2.1948   0
 2.2048   0
 2.2148   1
 2.2248   1
 2.2348   0
 2.2448   0
 2.2548   0
 2.2648   0
 2.2748   0
 2.2848   0
 2.2948   0
 2.3048   0
 2.3148   1
 2.3248   0
 2.3348   1
 2.3448   0
 2.3548   0
 2.3648   1
 2.3748   2
 2.3848   2
 2.3948   1
 2.4048   4
 2.4148   4
 2.4248   2
 2.4348   1
 2.4448   2
 2.4548   3
 2.4648   2
 2.4748   3
 2.4848   3
 2.4948   1
 2.5048   3
 2.5148   4
 2.5248   4
 2.5348   3
 2.5448   4
 2.5548   3
 2.5648   4
 2.5748   4
 2.5848   2
 2.5948   2
 2.6048   1
 2.6148   2
 2.6248   1
 2.6348   0
 2.6448   2
 2.6548   2
 2.6648   2
 2.6748   2
 2.6848   0
 2.6948   1
 2.7048   3
 2.7148   2
 2.7248   1
 2.7348   1
 2.7448   1
 2.7548   1
 2.7648   1
 2.7748   2
 2.7848   1
 2.7948   3
 2.8048   4
 2.8148   4
 2.8248   8
 2.8348   7
 2.8448   6
 2.8548  11
 2.8648   7
 2.8748   4
 2.8848   2
 2.8948   2
 2.9048   3
 2.9148   7
 2.9248   5
 2.9348   6
 2.9448   6
 2.9548   6
 2.9648   6
 2.9748   4
 2.9848   6
 2.9948   5
 3.0048   7
 3.0148   8
 3.0248   8
 3.0348   9
 3.0448  15
 3.0548  19
 3.0648  21
 3.0748  32
 3.0848  38
 3.0948  46
 3.1048  61
 3.1148  71
 3.1248  71
 3.1348 103
 3.1448 105
 3.1548 101
 3.1648 100
 3.1748 106
 3.1848 112
 3.1948 100
 3.2048 104
 3.2148  94
 3.2248  78
 3.2348  74
 3.2448  84
 3.2548  80
 3.2648  60
 3.2748  64
 3.2848  75
 3.2948  83
 3.3048  83
 3.3148  92
 3.3248  85
 3.3348  86
 3.3448  84
 3.3548  82
 3.3648  78
 3.3748  74
 3.3848  68
 3.3948  56
 3.4048  45
 3.4148  37
 3.4248  32
 3.4348  30
 3.4448  27
 3.4548  24
 3.4648  17
 3.4748  12
 3.4848  14
 3.4948  13
 3.5048  17
 3.5148  17
 3.5248  15
 3.5348  16
 3.5448  17
 3.5548  14
 3.5648  17
 3.5748  22
 3.5848  18
 3.5948  17
 3.6048  16
 3.6148  11
 3.6248  13
 3.6348  17
 3.6448  15
 3.6548   9
 3.6648  10
 3.6748  15
 3.6848  11
 3.6948   7
 3.7048   9
 3.7148  10
 3.7248   8
 3.7348   8
 3.7448   9
 3.7548   8
 3.7648   7
 3.7748   6
 3.7848   4
 3.7948   3
 3.8048   2
 3.8148   4
 3.8248   6
 3.8348   4
 3.8448   1
 3.8548   1
 3.8648   1
 3.8748   0
 3.8848   1
 3.8948   1
 3.9048   1
 3.9148   0
 3.9248   1
 3.9348   2
 3.9448   1
 3.9548   1
 3.9648   2
 3.9748   1
 3.9848   2
 3.9948   1
 4.0048   3
 4.0148   5
 4.0248   2
 4.0348   1
 4.0448   1
 4.0548   3
 4.0648   3
 4.0748   0
 4.0848   2
 4.0948   3
 4.1048   1
 4.1148   2
 4.1248   2
 4.1348   2
 4.1448   3
 4.1548   3
 4.1648   5
 4.1748   4
 4.1848   2
 4.1948   3
 4.2048   4
 4.2148   5
 4.2248   7
 4.2348   5
 4.2448   3
 4.2548   1
 4.2648   1
 4.2748   2
 4.2848   7
 4.2948   8
 4.3048   6
 4.3148   4
 4.3248   4
 4.3348   6
 4.3448   4
 4.3548   1
 4.3648   4
 4.3748   5
 4.3848   4
 4.3948   3
 4.4048   1
 4.4148   1
 4.4248   2
 4.4348   4
 4.4448   3
 4.4548   4
 4.4648   5
 4.4748   4
 4.4848   2
 4.4948   0
 4.5048   1
 4.5148   2
 4.5248   2
 4.5348   2
 4.5448   1
 4.5548   1
 4.5648   1
 4.5748   2
 4.5848   2
 4.5948   1
 4.6048   2
 4.6148   2
 4.6248   1
 4.6348   1
 4.6448   1
 4.6548   1
 4.6648   2
 4.6748   1
 4.6848   1
 4.6948   1
 4.7048   0
 4.7148   1
 4.7248   0
 4.7348   0
 4.7448   0
 4.7548   1
 4.7648   1
 4.7748   2
 4.7848   1
 4.7948   1
 4.8048   0
 4.8148   1
 4.8248   2
 4.8348   3
 4.8448   1
 4.8548   0
 4.8648   0
 4.8748   1
 4.8848   0
 4.8948   1
 4.9048   1
 4.9148   0
 4.9248   0
 4.9348   1
 4.9448   1
 4.9548   1
 4.9648   1
 4.9748   0
 4.9848   0
 4.9948   1
 5.0048   1
 5.0148   0
 5.0248   2
 5.0348   2
 5.0448   0
 5.0548   1
 5.0648   2
 5.0748   2
 5.0848   2
 5.0948   4
 5.1048   1
 5.1148   1
 5.1248   2
 5.1348   2
 5.1448   1
 5.1548   1
 5.1648   2
 5.1748   1
 5.1848   2
 5.1948   1
 5.2048   0
 5.2148   0
 5.2248   1
 5.2348   0
 5.2448   0
 5.2548   1
 5.2648   1
 5.2748   1
 5.2848   2
 5.2948   1
 5.3048   1
 5.3148   0
 5.3248   1
 5.3348   2
 5.3448   0
 5.3548   2
 5.3648   3
 5.3748   2
 5.3848   1
 5.3948   2
 5.4048   1
 5.4148   1
 5.4248   2
 5.4348   2
 5.4448   3
 5.4548   4
 5.4648   2
 5.4748   0
 5.4848   0
 5.4948   0
 5.5048   3
 5.5148   6
 5.5248   2
 5.5348   4
 5.5448   2
 5.5548   4
 5.5648   4
 5.5748   3
 5.5848   4
 5.5948   3
 5.6048   3
 5.6148   3
 5.6248   4
 5.6348   2
 5.6448   3
 5.6548   1
 5.6648   1
 5.6748   2
 5.6848   0
 5.6948   1
 5.7048   2
 5.7148   2
 5.7248   0
 5.7348   0
 5.7448   1
 5.7548   1
 5.7648   0
 5.7748   1
 5.7848   1
 5.7948   2
 5.8048   2
 5.8148   2
 5.8248   1
 5.8348   3
 5.8448   3
 5.8548   2
 5.8648   2
 5.8748   1
 5.8848   2
 5.8948   2
 5.9048   3
 5.9148   2
 5.9248   3
 5.9348   4
 5.9448   1
 5.9548   3
 5.9648   4
 5.9748   3
 5.9848   3
 5.9948   6
 6.0048   4
 6.0148   3
 6.0248   4
 6.0348   5
 6.0448   4
 6.0548   3
 6.0648   5
 6.0748   5
 6.0848   3
 6.0948   2
 6.1048   2
 6.1148   4
 6.1248   6
 6.1348   4
 6.1448   5
 6.1548   3
 6.1648   2
 6.1748   6
 6.1848   9
 6.1948   6
 6.2048   6
 6.2148   5
 6.2248   6
 6.2348   7
 6.2448   7
 6.2548   8
 6.2648  11
 6.2748  11
 6.2848  12
 6.2948  16
 6.3048  23
 6.3148  27
 6.3248  25
 6.3348  28
 6.3448  36
 6.3548  35
 6.3648  35
 6.3748  41
 6.3848  42
 6.3948  32
 6.4048  33
 6.4148  35
 6.4248  35
 6.4348  29
 6.4448  29
 6.4548  29
 6.4648  30
 6.4748  23
 6.4848  18
 6.4948  17
 6.5048  15
 6.5148  14
 6.5248  12
 6.5348   7
 6.5448   6
 6.5548   5
 6.5648   5
 6.5748   2
 6.5848   2
 6.5948   4
 6.6048   5
 6.6148   4
 6.6248   2
 6.6348   3
 6.6448   5
 6.6548   4
 6.6648   2
 6.6748   1
 6.6848   2
 6.6948   1
 6.7048   3
 6.7148   2
 6.7248   0
 6.7348   0
 6.7448   2
 6.7548   5
 6.7648   4
 6.7748   2
 6.7848   4
 6.7948   4
 6.8048   3
 6.8148   3
 6.8248   4
 6.8348   6
 6.8448   3
 6.8548   2
 6.8648   3
 6.8748   5
 6.8848   8
 6.8948   5
 6.9048   4
 6.9148   6
 6.9248   5
 6.9348   8
 6.9448   8
 6.9548   6
 6.9648   8
 6.9748   8
 6.9848   7
 6.9948  10
 7.0048  12
 7.0148  11
 7.0248  11
 7.0348  14
 7.0448  15
 7.0548  12
 7.0648  10
 7.0748  10
 7.0848  11
 7.0948  10
 7.1048   9
 7.1148   9
 7.1248   7
 7.1348   9
 7.1448   9
 7.1548   7
 7.1648   8
 7.1748   6
 7.1848   5
 7.1948   4
 7.2048   2
 7.2148   4
 7.2248   7
 7.2348   6
 7.2448   8
 7.2548   6
 7.2648   6
 7.2748   8
 7.2848   9
 7.2948   8
 7.3048   5
 7.3148   5
 7.3248   6
 7.3348   5
 7.3448   6
 7.3548   9
 7.3648   9
 7.3748   7
 7.3848   7
 7.3948  12
 7.4048  11
 7.4148   9
 7.4248   8
 7.4348   9
 7.4448  10
 7.4548  10
 7.4648  11
 7.4748  10
 7.4848  10
 7.4948   9
 7.5048  10
 7.5148   9
 7.5248   7
 7.5348   9
 7.5448  10
 7.5548   8
 7.5648   7
 7.5748   6
 7.5848   9
 7.5948   9
 7.6048   8
 7.6148   8
 7.6248   7
 7.6348   9
 7.6448   8
 7.6548   5
 7.6648   5
 7.6748   5
 7.6848   4
 7.6948   5
 7.7048   3
 7.7148   3
 7.7248   3
 7.7348   4
 7.7448   6
 7.7548   6
 7.7648   3
 7.7748   3
 7.7848   3
 7.7948   4
 7.8048   6
 7.8148   8
 7.8248   9
 7.8348  13
 7.8448  16
 7.8548  20
 7.8648  27
 7.8748  36
 7.8848  45
 7.8948  60
 7.9048  76
 7.9148  94
 7.9248 100
 7.9348 119
 7.9448 160
 7.9548 174
 7.9648 183
 7.9748 216
 7.9848 251
 7.9948 270
 8.0048 292
 8.0148 299
 8.0248 312
 8.0348 317
 8.0448 309
 8.0548 315
 8.0648 287
 8.0748 263
 8.0848 256
 8.0948 235
 8.1048 201
 8.1148 178
 8.1248 155
 8.1348 126
 8.1448 112
 8.1548  98
 8.1648  80
 8.1748  57
 8.1848  51
 8.1948  47
 8.2048  32
 8.2148  22
 8.2248  21
 8.2348  22
 8.2448  17
 8.2548  10
 8.2648   9
 8.2748   7
 8.2848   6
 8.2948   6
 8.3048   8
 8.3148   6
 8.3248   5
 8.3348   7
 8.3448   6
 8.3548   7
 8.3648   7
 8.3748   4
 8.3848   6
 8.3948   8
 8.4048   9
 8.4148   8
 8.4248   5
 8.4348   6
 8.4448   8
 8.4548   7
 8.4648   6
 8.4748   5
 8.4848   5
 8.4948   6
 8.5048   4
 8.5148   5
 8.5248   7
 8.5348  11
 8.5448   8
 8.5548   4
 8.5648   6
 8.5748   5
 8.5848   5
 8.5948   7
 8.6048   7
 8.6148   4
 8.6248   2
 8.6348   6
 8.6448   8
 8.6548  10
 8.6648  11
 8.6748   9
 8.6848  12
 8.6948  11
 8.7048   8
 8.7148  10
 8.7248  12
 8.7348  15
 8.7448  19
 8.7548  22
 8.7648  25
 8.7748  25
 8.7848  24
 8.7948  27
 8.8048  31
 8.8148  35
 8.8248  36
 8.8348  42
 8.8448  39
 8.8548  46
 8.8648  55
 8.8748  51
 8.8848  52
 8.8948  49
 8.9048  50
 8.9148  56
 8.9248  56
 8.9348  55
 8.9448  50
 8.9548  45
 8.9648  45
 8.9748  42
 8.9848  37
 8.9948  25
 9.0048  17
 9.0148  18
 9.0248  19
 9.0348  13
 9.0448  10
 9.0548  12
 9.0648  11
 9.0748   9
 9.0848   7
 9.0948   8
 9.1048   5
 9.1148   5
 9.1248   6
 9.1348   7
 9.1448   7
 9.1548   6
 9.1648   5
 9.1748   7
 9.1848   8
 9.1948   6
 9.2048   4
 9.2148   4
 9.2248   4
 9.2348   6
 9.2448   6
 9.2548   8
 9.2648   5
 9.2748   3
 9.2848   6
 9.2948   7
 9.3048   6
 9.3148   6
 9.3248   7
 9.3348   8
 9.3448   8
 9.3548   6
 9.3648   7
 9.3748   7
 9.3848   4
 9.3948   6
 9.4048   7
 9.4148   6
 9.4248   6
 9.4348   6
 9.4448   9
 9.4548   8
 9.4648   6
 9.4748   7
 9.4848   5
 9.4948   4
 9.5048   5
 9.5148   6
 9.5248   5
 9.5348   6
 9.5448   9
 9.5548  10
 9.5648   8
 9.5748   6
 9.5848   5
 9.5948   5
 9.6048   6
 9.6148   8
 9.6248   6
 9.6348   6
 9.6448   6
 9.6548   4
 9.6648   9
 9.6748  10
 9.6848   8
 9.6948   9
 9.7048   9
 9.7148   8
 9.7248   7
 9.7348   5
 9.7448   6
 9.7548   5
 9.7648   3
 9.7748   3
 9.7848   4
 9.7948   4
 9.8048   5
 9.8148   6
 9.8248   5
 9.8348   5
 9.8448   3
 9.8548   5
 9.8648   5
 9.8748   6
 9.8848   5
 9.8948   5
 9.9048   8
 9.9148   7
 9.9248   3
 9.9348   4
 9.9448   5
 9.9548   5
 9.9648   4
 9.9748   3
 9.9848   3
 9.9948   4
10.0048   4
10.0148   7
10.0248   7
10.0348   5
10.0448   4
10.0548   4
10.0648   6
10.0748   7
10.0848   8
10.0948   6
10.1048   7
10.1148   9
10.1248   9
10.1348   8
10.1448   4
10.1548   5
10.1648   6
10.1748   9
10.1848   8
10.1948   3
10.2048   3
10.2148   5
10.2248   6
10.2348   9
10.2448   9
10.2548   6
10.2648   8
10.2748   9
10.2848   8
10.2948   7
10.3048   4
10.3148   4
10.3248   5
10.3348   6
10.3448   5
10.3548   5
10.3648   7
10.3748   8
10.3848   7
10.3948   6
10.4048   8
10.4148   6
10.4248   5
10.4348   4
10.4448   3
10.4548   8
10.4648   7
10.4748   6
10.4848   8
10.4948   7
10.5048   7
10.5148   5
10.5248   5
10.5348   5
10.5448   4
10.5548   7
10.5648   6
10.5748   4
10.5848   4
10.5948   5
10.6048   8
10.6148   8
10.6248   5
10.6348   4
10.6448   5
10.6548   7
10.6648   8
10.6748   7
10.6848   8
10.6948   5
10.7048   3
10.7148   4
10.7248   6
10.7348   6
10.7448   3
10.7548   3
10.7648   4
10.7748   4
10.7848   2
10.7948   6
10.8048   3
10.8148   3
10.8248   7
10.8348  10
10.8448   9
10.8548   9
10.8648   4
10.8748   6
10.8848   8
10.8948   5
10.9048   5
10.9148   5
10.9248   5
10.9348   7
10.9448   7
10.9548   6
10.9648   6
10.9748   6
10.9848   4
10.9948   3
11.0048   3
11.0148   1
11.0248   3
11.0348   5
11.0448   5
11.0548   6
11.0648   8
11.0748   4
11.0848   5
11.0948   6
11.1048   4
11.1148   4
11.1248   4
11.1348   3
11.1448   6
11.1548   5
11.1648   6
11.1748   7
11.1848   4
11.1948   3
11.2048   4
11.2148   4
11.2248   5
11.2348   4
11.2448   5
11.2548   5
11.2648   5
11.2748   6
11.2848   6
11.2948   4
11.3048   4
11.3148   8
11.3248   7
11.3348   6
11.3448   6
11.3548   4
11.3648   4
11.3748   5
11.3848   3
11.3948   5
11.4048   7
11.4148   9
11.4248   9
11.4348   7
11.4448   8
11.4548   7
11.4648   8
11.4748   7
11.4848   7
11.4948  11
11.5048  16
11.5148  19
11.5248  18
11.5348  18
11.5448  18
11.5548  23
11.5648  24
11.5748  25
11.5848  25
11.5948  24
11.6048  30
11.6148  24
11.6248  28
11.6348  26
11.6448  26
11.6548  23
11.6648  21
11.6748  24
11.6848  23
11.6948  18
11.7048  18
11.7148  15
11.7248  13
11.7348  17
11.7448  12
11.7548   8
11.7648   9
11.7748  11
11.7848   9
11.7948  10
11.8048   7
11.8148   9
11.8248   7
11.8348   8
11.8448   8
11.8548   8
11.8648   7
11.8748   5
11.8848   5
11.8948   5
11.9048   3
11.9148   3
11.9248   4
11.9348   3
11.9448   3
11.9548   7
11.9648   7
11.9748   7
11.9848   5
11.9948   6
12.0048   7
12.0148   6
12.0248   3
12.0348   6
12.0448   6
12.0548  10
12.0648   7
12.0748   4
12.0848   3
12.0948   3
12.1048   4
12.1148   5
12.1248   6
12.1348   6
12.1448   7
12.1548   5
12.1648   7
12.1748   7
12.1848   8
12.1948   6
12.2048   6
12.2148   6
12.2248   4
12.2348   8
12.2448   9
12.2548   4
12.2648   4
12.2748   3
12.2848   5
12.2948   7
12.3048   6
12.3148   5
12.3248   4
12.3348   5
12.3448   6
12.3548   6
12.3648   4
12.3748   6
12.3848   5
12.3948   4
12.4048   4
12.4148   5
12.4248   5
12.4348   4
12.4448   6
12.4548   6
12.4648   3
12.4748   6
12.4848   4
12.4948   5
12.5048   2
12.5148   1
12.5248   4
12.5348   6
12.5448   4
12.5548   6
12.5648   7
12.5748   5
12.5848   3
12.5948   2
12.6048   5
12.6148   5
12.6248   6
12.6348   2
12.6448   4
12.6548   2
12.6648   7
12.6748   4
12.6848   7
12.6948   6
12.7048   4
12.7148   5
12.7248   6
12.7348   3
12.7448   2
12.7548   2
12.7648   3
12.7748   3
12.7848   4
12.7948   5
12.8048   9
12.8148   5
12.8248   4
12.8348   5
12.8448   6
12.8548   8
12.8648   6
12.8748   6
12.8848   2
12.8948   4
12.9048   6
12.9148   6
12.9248   2
12.9348   5
12.9448   2
12.9548   6
12.9648   1
12.9748   3
12.9848   6
12.9948   4
13.0048   3
13.0148   5
13.0248   5
13.0348   4
13.0448   4
13.0548   7
13.0648   4
13.0748   5
13.0848   5
13.0948   5
13.1048   5
13.1148   6
13.1248   5
13.1348   1
13.1448   5
13.1548   7
13.1648   5
13.1748   3
13.1848   2
13.1948   3
13.2048   5
13.2148   6
13.2248  13
13.2348   8
13.2448  13
13.2548  14
13.2648  10
13.2748  15
13.2848  14
13.2948  23
13.3048  19
13.3148  26
13.3248  22
13.3348  31
13.3448  45
13.3548  48
13.3648  32
13.3748  43
13.3848  56
13.3948  65
13.4048  63
13.4148  79
13.4248  89
13.4348  92
13.4448 124
13.4548 121
13.4648 121
13.4748 139
13.4848 166
13.4948 179
13.5048 206
13.5148 220
13.5248 236
13.5348 264
13.5448 276
13.5548 275
13.5648 280
13.5748 304
13.5848 313
13.5948 291
13.6048 314
13.6148 294
13.6248 310
13.6348 309
13.6448 253
13.6548 281
13.6648 263
13.6748 234
13.6848 226
13.6948 217
13.7048 178
13.7148 164
13.7248 135
13.7348 128
13.7448 100
13.7548  95
13.7648  76
13.7748  65
13.7848  57
13.7948  54
13.8048  44
13.8148  28
13.8248  25
13.8348  25
13.8448  12
13.8548  10
13.8648  15
13.8748   8
13.8848  10
13.8948   7
13.9048   5
13.9148   6
13.9248   5
13.9348   8
13.9448   5
13.9548   3
13.9648   6
13.9748   4
13.9848   3
13.9948   6
14.0048   7
14.0148   4
14.0248   3
14.0348   4
14.0448   1
14.0548   4
14.0648   3
14.0748   2
14.0848   3
14.0948   4
14.1048   6
14.1148   2
14.1248   2
14.1348   3
14.1448   1
14.1548   4
14.1648   5
14.1748   4
14.1848   4
14.1948   5
14.2048   4
14.2148   1
14.2248   1
14.2348   2
14.2448   3
14.2548   7
14.2648   3
14.2748   5
14.2848   6
14.2948   2
14.3048   5
14.3148   6
14.3248   3
14.3348   2
14.3448   5
14.3548   5
14.3648   5
14.3748   2
14.3848   1
14.3948   2
14.4048   3
14.4148   2
14.4248   6
14.4348   2
14.4448   4
14.4548   5
14.4648   5
14.4748   3
14.4848   2
14.4948   0
14.5048   3
14.5148   3
14.5248   3
14.5348   3
14.5448   0
14.5548   1
14.5648   5
14.5748   4
14.5848   5
14.5948   2
14.6048   2
14.6148   3
14.6248   3
14.6348   1
14.6448   3
14.6548   0
14.6648   2
14.6748   3
14.6848   4
14.6948   3
14.7048   1
14.7148   1
14.7248   3
14.7348   2
14.7448   3
14.7548   4
14.7648   1
14.7748   5
14.7848   4
14.7948   1
14.8048   3
14.8148   5
14.8248   3
14.8348   7
14.8448   2
14.8548   6
14.8648   2
14.8748   2
14.8848   1
14.8948   3
14.9048   4
14.9148   4
14.9248   3
14.9348   0
14.9448   5
14.9548   3
14.9648   2
14.9748   1
14.9848   2
14.9948   1
15.0048   1
15.0148   1
15.0248   4
15.0348   2
15.0448   3
15.0548   2
15.0648   3
15.0748   3
15.0848   0
15.0948   3
15.1048   0
15.1148   6
15.1248   2
15.1348   2
15.1448   1
15.1548   1
15.1648   4
15.1748   0
15.1848   3
15.1948   0
15.2048   3
15.2148   4
15.2248   2
15.2348   1
15.2448   5
15.2548   2
15.2648   2
15.2748   1
15.2848   4
15.2948   1
15.3048   1
15.3148   5
15.3248   1
15.3348   5
15.3448   3
15.3548   3
15.3648   3
15.3748   2
15.3848   3
15.3948   5
15.4048   5
15.4148   2
15.4248   3
15.4348  10
15.4448   6
15.4548   3
15.4648   3
15.4748   4
15.4848   6
15.4948   4
15.5048   2
15.5148   3
15.5248   5
15.5348   3
15.5448   2
15.5548   3
15.5648   5
15.5748   3
15.5848   7
15.5948   5
15.6048   5
15.6148   4
15.6248   8
15.6348   5
15.6448   8
15.6548   6
15.6648   7
15.6748   9
15.6848  10
15.6948   7
15.7048   9
15.7148   8
15.7248   6
15.7348   7
15.7448  10
15.7548   3
15.7648   8
15.7748   7
15.7848   5
15.7948  12
15.8048   8
15.8148   7
15.8248   6
15.8348   2
15.8448   6
15.8548   9
15.8648   5
15.8748   6
15.8848   9
15.8948   3
15.9048   2
15.9148   6
15.9248   4
15.9348   5
15.9448   1
15.9548   2
15.9648   2
15.9748   7
15.9848   1
15.9948   3
16.0048   3
16.0148   0
16.0248   4
16.0348   3
16.0448   5
16.0548   2
16.0648   4
16.0748   3
16.0848   1
16.0948   3
16.1048   4
16.1148   2
16.1248   3
16.1348   3
16.1448   5
16.1548   2
16.1648   5
16.1748   5
16.1848  15
16.1948   9
16.2048   3
16.2148  12
16.2248  11
16.2348  11
16.2448  23
16.2548  21
16.2648  16
16.2748  18
16.2848  31
16.2948  35
16.3048  32
16.3148  44
16.3248  38
16.3348  47
16.3448  47
16.3548  56
16.3648  58
16.3748  61
16.3848  50
16.3948  61
16.4048  51
16.4148  67
16.4248  64
16.4348  56
16.4448  60
16.4548  58
16.4648  58
16.4748  54
16.4848  47
16.4948  47
16.5048  48
16.5148  41
16.5248  38
16.5348  41
16.5448  38
16.5548  26
16.5648  24
16.5748  16
16.5848  21
16.5948  27
16.6048  22
16.6148   8
16.6248  15
16.6348  16
16.6448  10
16.6548   4
16.6648   6
16.6748   7
16.6848  10
16.6948   8
16.7048   5
16.7148   7
16.7248   3
16.7348   3
16.7448   2
16.7548   4
16.7648   0
16.7748   1
16.7848   3
16.7948   1
16.8048   4
16.8148   3
16.8248   6
16.8348   4
16.8448   3
16.8548   3
16.8648   7
16.8748   8
16.8848   7
16.8948   7
16.9048   5
16.9148   5
16.9248   6
16.9348   7
16.9448  12
16.9548   8
16.9648  11
16.9748  12
16.9848  11
16.9948  11
17.0048  14
17.0148  13
17.0248  17
17.0348  14
17.0448  16
17.0548  14
17.0648  20
17.0748  21
17.0848  25
17.0948  27
17.1048  31
17.1148  32
17.1248  29
17.1348  22
17.1448  29
17.1548  33
17.1648  30
17.1748  33
17.1848  31
17.1948  36
17.2048  29
17.2148  32
17.2248  31
17.2348  31
17.2448  24
17.2548  28
17.2648  26
17.2748  23
17.2848  26
17.2948  27
17.3048  17
17.3148  22
17.3248  16
17.3348  12
17.3448  15
17.3548  10
17.3648   6
17.3748   8
17.3848  12
17.3948  10
17.4048   6
17.4148   8
17.4248   8
17.4348  11
17.4448   9
17.4548   6
17.4648   3
17.4748   2
17.4848   2
17.4948   0
17.5048   3
17.5148   1
17.5248   3
17.5348   2
17.5448   2
17.5548   2
17.5648   0
17.5748   0
17.5848   3
17.5948   2
17.6048   1
17.6148   0
17.6248   2
17.6348   0
17.6448   1
17.6548   2
17.6648   1
17.6748   1
17.6848   0
17.6948   2
17.7048   0
17.7148   0
17.7248   0
17.7348   0
17.7448   0
17.7548   0
17.7648   2
17.7748   1
17.7848   1
17.7948   2
17.8048   1
17.8148   0
17.8248   1
17.8348   0
17.8448   1
17.8548   0
17.8648   2
17.8748   0
17.8848   0
17.8948   2
17.9048   0
17.9148   1
17.9248   0
17.9348   1
17.9448   0
17.9548   0
17.9648   0
17.9748   1
17.9848   3
17.9948   1
18.0048   1
18.0148   2
18.0248   0
18.0348   1
18.0448   3
18.0548   1
18.0648   0
18.0748   0
18.0848   0
18.0948   0
18.1048   0
18.1148   2
18.1248   2
18.1348   0
18.1448   2
18.1548   0
18.1648   0
18.1748   1
18.1848   2
18.1948   1
18.2048   2
18.2148   0
18.2248   0
18.2348   1
18.2448   1
18.2548   0
18.2648   2
18.2748   1
18.2848   2
18.2948   1
18.3048   1
18.3148   2
18.3248   0
18.3348   1
18.3448   0
18.3548   1
18.3648   2
18.3748   3
18.3848   1
18.3948   2
18.4048   0
18.4148   2
18.4248   0
18.4348   0
18.4448   1
18.4548   2
18.4648   1
18.4748   3
18.4848   2
18.4948   2
18.5048   1
18.5148   0
18.5248   3
18.5348   2
18.5448   1
18.5548   1
18.5648   3
18.5748   1
18.5848   0
18.5948   0
18.6048   1
18.6148   0
18.6248   0
18.6348   2
18.6448   1
18.6548   2
18.6648   1
18.6748   3
18.6848   1
18.6948   1
18.7048   3
18.7148   3
18.7248   2
18.7348   2
18.7448   2
18.7548   1
18.7648   1
18.7748   2
18.7848   2
18.7948   3
18.8048   6
18.8148   6
18.8248   2
18.8348   2
18.8448   4
18.8548   2
18.8648   2
18.8748   2
18.8848   1
18.8948   0
18.9048   4
18.9148   1
18.9248   2
18.9348   2
18.9448   2
18.9548   2
18.9648   3
18.9748   3
18.9848   4
18.9948   3
19.0048   3
19.0148   2
19.0248   3
19.0348   2
19.0448   1
19.0548   1
19.0648   2
19.0748   2
19.0848   2
19.0948   2
19.1048   3
19.1148   3
19.1248   4
19.1348   3
19.1448   2
19.1548   2
19.1648   3
19.1748   2
19.1848   1
19.1948   2
19.2048   4
19.2148   3
19.2248   2
19.2348   3
19.2448   3
19.2548   2
19.2648   2
19.2748   1
19.2848   1
19.2948   2
19.3048   1
19.3148   1
19.3248   2
19.3348   2
19.3448   2
19.3548   2
19.3648   3
19.3748   4
19.3848   2
19.3948   0
19.4048   0
19.4148   0
19.4248   1
19.4348   2
19.4448   2
19.4548   0
19.4648   0
19.4748   2
19.4848   1
19.4948   0
19.5048   0
19.5148   1
19.5248   1
19.5348   0
19.5448   1
19.5548   0
19.5648   1
19.5748   1
19.5848   0
19.5948   1
19.6048   2
19.6148   1
19.6248   1
19.6348   1
19.6448   0
19.6548   1
19.6648   1
19.6748   0
19.6848   0
19.6948   0
19.7048   0
19.7148   1
19.7248   0
19.7348   1
19.7448   0
19.7548   1
19.7648   1
19.7748   0
19.7848   0
19.7948   0
19.8048   0
19.8148   0
19.8248   1
19.8348   1
19.8448   4
19.8548   2
19.8648   0
19.8748   0
19.8848   1
19.8948   1
19.9048   4
19.9148   2
19.9248   1
19.9348   4
19.9448   4
19.9548   6
19.9648   3
19.9748   1
19.9848   3
19.9948   3
20.0048   3
20.0148   4
20.0248   7
20.0348   5
20.0448   8
20.0548  10
20.0648   9
20.0748   7
20.0848  10
20.0948   8
20.1048   7
20.1148  12
20.1248  13
20.1348  12
20.1448   9
20.1548   9
20.1648   6
20.1748   5
20.1848  11
20.1948  13
20.2048  11
20.2148   8
20.2248   5
20.2348   4
20.2448   7
20.2548   5
20.2648   4
20.2748   4
20.2848   3
20.2948   2
20.3048   3
20.3148   5
20.3248   7
20.3348   5
20.3448   3
20.3548   1
20.3648   2
20.3748   4
20.3848   4
20.3948   2
20.4048   1
20.4148   2
20.4248   2
20.4348   1
20.4448   1
20.4548   0
20.4648   2
20.4748   2
20.4848   0
20.4948   1
20.5048   1
20.5148   1
20.5248   2
20.5348   1
20.5448   1
20.5548   2
20.5648   1
20.5748   0
20.5848   1
20.5948   1
20.6048   1
20.6148   2
20.6248   2
20.6348   1
20.6448   0
20.6548   2
20.6648   2
20.6748   1
20.6848   1
20.6948   1
20.7048   0
20.7148   1
20.7248   1
20.7348   2
20.7448   2
20.7548   2
20.7648   1
20.7748   2
20.7848   2
20.7948   1
20.8048   2
20.8148   1
20.8248   1
20.8348   2
20.8448   2
20.8548   1
20.8648   0
20.8748   1
20.8848   1
20.8948   1
20.9048   2
20.9148   2
20.9248   1
20.9348   0
20.9448   2
20.9548   1
20.9648   1
20.9748   1
20.9848   1
20.9948   2
21.0048   1
21.0148   0
21.0248   2
21.0348   2
21.0448   0
21.0548   1
21.0648   0
21.0748   0
21.0848   0
21.0948   0
21.1048   1
21.1148   0
21.1248   0
21.1348   1
21.1448   0
21.1548   1
21.1648   0
21.1748   0
21.1848   0
21.1948   1
21.2048   0
21.2148   0
21.2248   0
21.2348   1
21.2448   0
21.2548   0
21.2648   0
21.2748   0
21.2848   0
21.2948   0
21.3048   0
21.3148   0
21.3248   1
21.3348   1
21.3448   0
21.3548   0
21.3648   0
21.3748   0
21.3848   0
21.3948   1
21.4048   0
21.4148   1
21.4248   0
21.4348   0
21.4448   1
21.4548   0
21.4648   0
21.4748   1
21.4848   0
21.4948   1
21.5048   2
21.5148   2
21.5248   1
21.5348   0
21.5448   1
21.5548   1
21.5648   0
21.5748   0
21.5848   1
21.5948   0
21.6048   1
21.6148   0
21.6248   0
21.6348   1
21.6448   2
21.6548   1
21.6648   0
21.6748   0
21.6848   0
21.6948   0
21.7048   0
21.7148   0
21.7248   1
21.7348   1
21.7448   1
21.7548   0
21.7648   0
21.7748   0
21.7848   0
21.7948   0
21.8048   0
21.8148   0
21.8248   0
21.8348   0
21.8448   0
21.8548   0
21.8648   1
21.8748   0
21.8848   0
21.8948   0
21.9048   1
21.9148   1
21.9248   0
21.9348   0
21.9448   0
21.9548   0
21.9648   0
21.9748   0
21.9848   1
21.9948   0
22.0048   0
22.0148   0
22.0248   1
22.0348   0
22.0448   0
22.0548   0
22.0648   0
22.0748   0
22.0848   0
22.0948   0
22.1048   0
22.1148   0
22.1248   0
22.1348   0
22.1448   0
22.1548   1
22.1648   0
22.1748   0
22.1848   0
22.1948   0
22.2048   0
22.2148   0
22.2248   0
22.2348   0
22.2448   1
22.2548   0
22.2648   0
22.2748   0
22.2848   0
22.2948   0
22.3048   0
22.3148   0
22.3248   0
22.3348   0
22.3448   0
22.3548   0
22.3648   0
22.3748   1
22.3848   0
22.3948   0
22.4048   0
22.4148   0
22.4248   0
22.4348   1
22.4448   0
22.4548   0
22.4648   1
22.4748   0
22.4848   0
22.4948   0
22.5048   1
22.5148   0
22.5248   0
22.5348   0
22.5448   0
22.5548   0
22.5648   0
22.5748   1
22.5848   1
22.5948   0
22.6048   0
22.6148   1
22.6248   1
22.6348   0
22.6448   0
22.6548   0
22.6648   1
22.6748   0
22.6848   0
22.6948   1
22.7048   0
22.7148   0
22.7248   1
22.7348   0
22.7448   0
22.7548   1
22.7648   1
22.7748   0
22.7848   0
22.7948   0
22.8048   0
22.8148   1
22.8248   1
22.8348   0
22.8448   1
22.8548   0
22.8648   1
22.8748   1
22.8848   0
22.8948   1
22.9048   0
22.9148   0
22.9248   0
22.9348   0
22.9448   0
22.9548   0
22.9648   0
22.9748   0
22.9848   1
22.9948   0
23.0048   0
23.0148   0
23.0248   0
23.0348   1
23.0448   0
23.0548   0
23.0648   0
23.0748   0
23.0848   0
23.0948   0
23.1048   0
23.1148   0
23.1248   0
23.1348   0
23.1448   0
23.1548   0
23.1648   0
23.1748   0
23.1848   0
23.1948   0
23.2048   0
23.2148   0
23.2248   0
23.2348   1
23.2448   0
23.2548   1
23.2648   0
23.2748   0
23.2848   0
23.2948   0
23.3048   0
23.3148   1
23.3248   1
23.3348   0
23.3448   0
23.3548   0
23.3648   0
23.3748   0
23.3848   0
23.3948   0
23.4048   0
23.4148   1
23.4248   1
23.4348   0
23.4448   1
23.4548   0
23.4648   0
23.4748   0
23.4848   0
23.4948   0
23.5048   0
23.5148   0
23.5248   0
23.5348   0
23.5448   0
23.5548   1
23.5648   1
23.5748   0
23.5848   0
23.5948   0
23.6048   0
23.6148   0
23.6248   0
23.6348   0
23.6448   0
23.6548   0
23.6648   0
23.6748   0
23.6848   0
23.6948   0
23.7048   1
23.7148   1
23.7248   1
23.7348   1
23.7448   0
23.7548   0
23.7648   0
23.7748   0
23.7848   0
23.7948   0
23.8048   0
23.8148   1
23.8248   0
23.8348   0
23.8448   0
23.8548   0
23.8648   0
23.8748   0
23.8848   0
23.8948   1
23.9048   0
23.9148   0
23.9248   0
23.9348   0
23.9448   1
23.9548   0
23.9648   0
23.9748   0
23.9848   0
23.9948   0
24.0048   0
24.0148   1
24.0248   0
24.0348   1
24.0448   0
24.0548   0
24.0648   0
24.0748   0
24.0848   0
24.0948   0
24.1048   0
24.1148   0
24.1248   1
24.1348   0
24.1448   1
24.1548   0
24.1648   0
24.1748   0
24.1848   0
24.1948   1
24.2048   0
24.2148   0
24.2248   0
24.2348   0
24.2448   0
24.2548   1
24.2648   0
24.2748   0
24.2848   0
24.2948   0
24.3048   0
24.3148   0
24.3248   1
24.3348   0
24.3448   0
24.3548   0
24.3648   0
24.3748   0
24.3848   0
24.3948   0
24.4048   1
24.4148   0
24.4248   0
24.4348   0
24.4448   0
24.4548   0
24.4648   1
24.4748   0
24.4848   0
24.4948   0
24.5048   0
24.5148   0
24.5248   0
24.5348   0
24.5448   0
24.5548   0
24.5648   0
24.5748   0
24.5848   0
24.5948   0
24.6048   0
24.6148   0
24.6248   0
24.6348   0
24.6448   0
24.6548   0
24.6648   0
24.6748   0
24.6848   0
24.6948   0
24.7048   0
24.7148   0
24.7248   0
24.7348   0
24.7448   0
24.7548   0
24.7648   0
24.7748   0
24.7848   0
24.7948   1
24.8048   0
24.8148   0
24.8248   0
24.8348   0
24.8448   0
24.8548   0
24.8648   0
24.8748   0
24.8848   0
24.8948   0
24.9048   0
24.9148   1
24.9248   0
24.9348   0
24.9448   0
24.9548   0
24.9648   0
24.9748   1
24.9848   0
24.9948   1
25.0048   0
25.0148   0
25.0248   0
25.0348   0
25.0448   0
25.0548   0
25.0648   0
25.0748   0
25.0848   0
25.0948   0
25.1048   0
25.1148   0
25.1248   0
25.1348   2
25.1448   0
25.1548   0
25.1648   0
25.1748   0
25.1848   1
25.1948   1
25.2048   0
25.2148   0
25.2248   0
25.2348   0
25.2448   0
25.2548   0
25.2648   0
25.2748   0
25.2848   0
25.2948   1
25.3048   0
25.3148   0
25.3248   0
25.3348   0
25.3448   1
25.3548   0
25.3648   0
25.3748   0
25.3848   0
25.3948   0
25.4048   0
25.4148   0
25.4248   1
25.4348   0
25.4448   0
25.4548   0
25.4648   0
25.4748   1
25.4848   0
25.4948   1
25.5048   0
25.5148   0
25.5248   1
25.5348   0
25.5448   0
25.5548   0
25.5648   0
25.5748   0
25.5848   0
25.5948   0
25.6048   0
25.6148   1
25.6248   1
25.6348   0
25.6448   0
25.6548   0
25.6648   1
25.6748   0
25.6848   0
25.6948   0
25.7048   0
25.7148   0
25.7248   0
25.7348   0
25.7448   0
25.7548   0
25.7648   0
25.7748   0
25.7848   0
25.7948   0
25.8048   0
25.8148   0
25.8248   1
25.8348   0
25.8448   0
25.8548   1
25.8648   0
25.8748   1
25.8848   0
25.8948   1
25.9048   1
25.9148   0
25.9248   0
25.9348   0
25.9448   0
25.9548   0
25.9648   0
25.9748   0
25.9848   0
25.9948   0
26.0048   0
26.0148   0
26.0248   0
26.0348   0
26.0448   0
26.0548   0
26.0648   0
26.0748   0
26.0848   0
26.0948   0
26.1048   0
26.1148   0
26.1248   0
26.1348   0
26.1448   0
26.1548   0
26.1648   0
26.1748   0
26.1848   0
26.1948   0
26.2048   0
26.2148   0
26.2248   0
26.2348   0
26.2448   0
26.2548   0
26.2648   0
26.2748   0
26.2848   0
26.2948   0
26.3048   0
26.3148   0
26.3248   0
26.3348   0
26.3448   0
26.3548   0
26.3648   0
26.3748   0
26.3848   0
26.3948   0
26.4048   0
26.4148   1
26.4248   0
26.4348   0
26.4448   0
26.4548   0
26.4648   0
26.4748   0
26.4848   0
26.4948   0
26.5048   0
26.5148   0
26.5248   0
26.5348   0
26.5448   0
26.5548   1
26.5648   0
26.5748   0
26.5848   0
26.5948   1
26.6048   0
26.6148   0
26.6248   0
26.6348   0
26.6448   0
26.6548   0
26.6648   0
26.6748   0
26.6848   0
26.6948   0
26.7048   0
26.7148   0
26.7248   0
26.7348   0
26.7448   0
26.7548   0
26.7648   0
26.7748   0
26.7848   0
26.7948   0
26.8048   0
26.8148   0
26.8248   0
26.8348   0
26.8448   1
26.8548   0
26.8648   0
26.8748   1
26.8848   1
26.8948   1
26.9048   0
26.9148   0
26.9248   0
26.9348   0
26.9448   1
26.9548   0
26.9648   1
26.9748   1
26.9848   1
26.9948   0
27.0048   0
27.0148   0
27.0248   0
27.0348   2
27.0448   1
27.0548   0
27.0648   1
27.0748   0
27.0848   0
27.0948   0
27.1048   0
27.1148   1
27.1248   0
27.1348   1
27.1448   0
27.1548   1
27.1648   0
27.1748   0
27.1848   0
27.1948   0
27.2048   0
27.2148   0
27.2248   0
27.2348   0
27.2448   0
27.2548   0
27.2648   0
27.2748   0
27.2848   0
27.2948   1
27.3048   0
27.3148   0
27.3248   0
27.3348   0
27.3448   0
27.3548   0
27.3648   2
27.3748   0
27.3848   1
27.3948   0
27.4048   0
27.4148   0
27.4248   0
27.4348   0
27.4448   0
27.4548   0
27.4648   0
27.4748   0
27.4848   0
27.4948   0
27.5048   0
27.5148   0
27.5248   0
27.5348   0
27.5448   0
27.5548   0
27.5648   0
27.5748   0
27.5848   0
27.5948   0
27.6048   0
27.6148   1
27.6248   0
27.6348   0
27.6448   0
27.6548   0
27.6648   0
27.6748   0
27.6848   0
27.6948   0
27.7048   0
27.7148   0
27.7248   0
27.7348   0
27.7448   0
27.7548   0
27.7648   0
27.7748   0
27.7848   0
27.7948   0
27.8048   0
27.8148   0
27.8248   0
27.8348   0
27.8448   0
27.8548   0
27.8648   0
27.8748   0
27.8848   0
27.8948   0
27.9048   0
27.9148   0
27.9248   0
27.9348   0
27.9448   0
27.9548   0
27.9648   0
27.9748   0
27.9848   0
27.9948   0
28.0048   0
28.0148   0
28.0248   0
28.0348   0
28.0448   0
28.0548   0
28.0648   0
28.0748   0
28.0848   0
28.0948   0
28.1048   0
28.1148   0
28.1248   0
28.1348   0
28.1448   1
28.1548   0
28.1648   1
28.1748   0
28.1848   0
28.1948   1
28.2048   0
28.2148   0
28.2248   0
28.2348   0
28.2448   0
28.2548   0
28.2648   0
28.2748   0
28.2848   0
28.2948   0
28.3048   0
28.3148   0
28.3248   0
28.3348   0
28.3448   0
28.3548   0
28.3648   0
28.3748   0
28.3848   0
28.3948   0
28.4048   0
28.4148   0
28.4248   0
28.4348   0
28.4448   0
28.4548   0
28.4648   0
28.4748   0
28.4848   0
28.4948   0
28.5048   0
28.5148   0
28.5248   0
28.5348   0
28.5448   0
28.5548   0
28.5648   0
28.5748   0
28.5848   0
28.5948   0
28.6048   0
28.6148   0
28.6248   0
28.6348   0
28.6448   0
28.6548   0
28.6648   0
28.6748   0
28.6848   0
28.6948   0
28.7048   0
28.7148   0
28.7248   0
28.7348   0
28.7448   0
28.7548   0
28.7648   0
28.7748   0
28.7848   0
28.7948   0
28.8048   0
28.8148   0
28.8248   2
28.8348   0
28.8448   0
28.8548   0
28.8648   0
28.8748   0
28.8848   1
28.8948   0
28.9048   0
28.9148   0
28.9248   0
28.9348   0
28.9448   0
28.9548   0
28.9648   0
28.9748   0
28.9848   0
28.9948   0
29.0048   0
29.0148   0
29.0248   0
29.0348   0
29.0448   0
29.0548   0
29.0648   0
29.0748   0
29.0848   0
29.0948   0
29.1048   0
29.1148   0
29.1248   1
29.1348   0
29.1448   0
29.1548   0
29.1648   0
29.1748   0
29.1848   0
29.1948   0
29.2048   0
29.2148   0
29.2248   0
29.2348   0
29.2448   0
29.2548   0
29.2648   0
29.2748   0
29.2848   0
29.2948   0
29.3048   0
29.3148   0
29.3248   0
29.3348   0
29.3448   0
29.3548   0
29.3648   0
29.3748   2
29.3848   0
29.3948   0
29.4048   0
29.4148   0
29.4248   0
29.4348   0
29.4448   0
29.4548   0
29.4648   1
29.4748   0
29.4848   0
29.4948   0
29.5048   0
29.5148   0
29.5248   0
29.5348   0
29.5448   0
29.5548   0
29.5648   0
29.5748   0
29.5848   0
29.5948   1
29.6048   0
29.6148   0
29.6248   0
29.6348   0
29.6448   0
29.6548   0
29.6648   0
29.6748   0
29.6848   0
29.6948   1
29.7048   0
29.7148   0
29.7248   0
29.7348   0
29.7448   0
29.7548   0
29.7648   0
29.7748   0
29.7848   0
29.7948   0
29.8048   0
29.8148   1
29.8248   0
29.8348   0
29.8448   0
29.8548   0
29.8648   1
29.8748   0
29.8848   0
29.8948   0
29.9048   0
29.9148   0
29.9248   0
29.9348   1
29.9448   1
29.9548   0
29.9648   0
29.9748   0
29.9848   0
29.9948   0
30.0048   0
30.0148   0
30.0248   0
30.0348   0
30.0448   0
30.0548   0
30.0648   0
30.0748   0
30.0848   0
30.0948   0
30.1048   0
30.1148   0
30.1248   0
30.1348   0
30.1448   1
30.1548   0
30.1648   0
30.1748   0
30.1848   0
30.1948   0
30.2048   1
30.2148   0
30.2248   0
30.2348   0
30.2448   0
30.2548   0
30.2648   0
30.2748   0
30.2848   0
30.2948   0
30.3048   0
30.3148   0
30.3248   0
30.3348   0
30.3448   0
30.3548   0
30.3648   0
30.3748   0
30.3848   0
30.3948   0
30.4048   0
30.4148   0
30.4248   0
30.4348   0
30.4448   0
30.4548   0
30.4648   0
30.4748   0
30.4848   0
30.4948   0
30.5048   0
30.5148   0
30.5248   0
30.5348   0
30.5448   0
30.5548   0
30.5648   0
30.5748   0
30.5848   0
30.5948   0
30.6048   0
30.6148   0
30.6248   0
30.6348   0
30.6448   0
30.6548   0
30.6648   0
30.6748   0
30.6848   0
30.6948   0
30.7048   0
30.7148   0
30.7248   1
30.7348   0
30.7448   0
30.7548   0
30.7648   0
30.7748   0
30.7848   0
30.7948   0
30.8048   1
30.8148   0
30.8248   0
30.8348   0
30.8448   0
30.8548   1
30.8648   0
30.8748   0
30.8848   0
30.8948   0
30.9048   0
30.9148   0
30.9248   0
30.9348   0
30.9448   0
30.9548   0
30.9648   0
30.9748   0
30.9848   1
30.9948   0
31.0048   1
31.0148   0
31.0248   0
31.0348   0
31.0448   0
31.0548   0
31.0648   0
31.0748   0
31.0848   0
31.0948   0
31.1048   0
31.1148   0
31.1248   1
31.1348   0
31.1448   0
31.1548   0
31.1648   0
31.1748   0
31.1848   0
31.1948   0
31.2048   0
31.2148   0
31.2248   0
31.2348   0
31.2448   0
31.2548   0
31.2648   0
31.2748   0
31.2848   0
31.2948   0
31.3048   0
31.3148   0
31.3248   1
31.3348   0
31.3448   0
31.3548   0
31.3648   0
31.3748   0
31.3848   0
31.3948   0
31.4048   0
31.4148   0
31.4248   0
31.4348   0
31.4448   0
31.4548   0
31.4648   0
31.4748   0
31.4848   0
31.4948   1
31.5048   0
31.5148   0
31.5248   0
31.5348   0
31.5448   0
31.5548   1
31.5648   0
31.5748   0
31.5848   0
31.5948   0
31.6048   0
31.6148   0
31.6248   0
31.6348   0
31.6448   0
31.6548   0
31.6648   0
31.6748   0
31.6848   0
31.6948   0
31.7048   0
31.7148   0
31.7248   0
31.7348   0
31.7448   0
31.7548   1
31.7648   1
31.7748   0
31.7848   1
31.7948   0
31.8048   0
31.8148   0
31.8248   0
31.8348   0
31.8448   0
31.8548   1
31.8648   0
31.8748   0
31.8848   0
31.8948   0
31.9048   0
31.9148   0
31.9248   0
31.9348   1
31.9448   0
31.9548   0
31.9648   0
31.9748   0
31.9848   0
31.9948   0
32.0048   0
32.0148   0
32.0248   0
32.0348   1
32.0448   0
32.0548   0
32.0648   0
32.0748   0
32.0848   0
32.0948   0
32.1048   0
32.1148   1
32.1248   0
32.1348   0
32.1448   0
32.1548   0
32.1648   0
32.1748   0
32.1848   0
32.1948   0
32.2048   0
32.2148   0
32.2248   0
32.2348   0
32.2448   0
32.2548   0
32.2648   1
32.2748   0
32.2848   0
32.2948   0
32.3048   0
32.3148   0
32.3248   0
32.3348   0
32.3448   0
32.3548   0
32.3648   1
32.3748   0
32.3848   0
32.3948   0
32.4048   0
32.4148   0
32.4248   0
32.4348   0
32.4448   0
32.4548   0
32.4648   0
32.4748   0
32.4848   0
32.4948   1
32.5048   0
32.5148   0
32.5248   0
32.5348   0
32.5448   0
32.5548   0
32.5648   0
32.5748   0
32.5848   0
32.5948   1
32.6048   0
32.6148   0
32.6248   0
32.6348   0
32.6448   0
32.6548   0
32.6648   0
32.6748   0
32.6848   0
32.6948   0
32.7048   0
32.7148   1
32.7248   0
32.7348   0
32.7448   0
32.7548   0
32.7648   0
32.7748   0
32.7848   0
32.7948   0
32.8048   0
32.8148   0
32.8248   0
32.8348   0
32.8448   1
32.8548   0
32.8648   0
32.8748   0
32.8848   0
32.8948   0
32.9048   0
32.9148   0
32.9248   0
32.9348   0
32.9448   0
32.9548   0
32.9648   0
32.9748   0
32.9848   0
32.9948   0
33.0048   0
33.0148   0
33.0248   1
33.0348   0
33.0448   0
33.0548   0
33.0648   0
33.0748   0
33.0848   0
33.0948   0
33.1048   0
33.1148   0
33.1248   0
33.1348   0
33.1448   0
33.1548   0
33.1648   1
33.1748   1
33.1848   0
33.1948   0
33.2048   0
33.2148   0
33.2248   0
33.2348   0
33.2448   0
33.2548   0
33.2648   0
33.2748   0
33.2848   0
33.2948   0
33.3048   0
33.3148   0
33.3248   0
33.3348   0
33.3448   0
33.3548   1
33.3648   0
33.3748   0
33.3848   0
33.3948   0
33.4048   0
33.4148   0
33.4248   0
33.4348   1
33.4448   0
33.4548   0
33.4648   0
33.4748   0
33.4848   0
33.4948   0
33.5048   0
33.5148   0
33.5248   0
33.5348   0
33.5448   0
33.5548   0
33.5648   0
33.5748   0
33.5848   0
33.5948   0
33.6048   0
33.6148   0
33.6248   0
33.6348   0
33.6448   0
33.6548   0
33.6648   0
33.6748   0
33.6848   1
33.6948   0
33.7048   0
33.7148   0
33.7248   0
33.7348   0
33.7448   0
33.7548   0
33.7648   0
33.7748   0
33.7848   0
33.7948   0
33.8048   0
33.8148   0
33.8248   0
33.8348   0
33.8448   1
33.8548   1
33.8648   0
33.8748   0
33.8848   0
33.8948   0
33.9048   0
33.9148   0
33.9248   0
33.9348   0
33.9448   0
33.9548   0
33.9648   0
33.9748   0
33.9848   0
33.9948   0
34.0048   0
34.0148   0
34.0248   0
34.0348   0
34.0448   0
34.0548   0
34.0648   0
34.0748   0
34.0848   0
34.0948   0
34.1048   0
34.1148   0
34.1248   0
34.1348   0
34.1448   0
34.1548   0
34.1648   0
34.1748   0
34.1848   0
34.1948   0
34.2048   0
34.2148   0
34.2248   0
34.2348   0
34.2448   0
34.2548   0
34.2648   0
34.2748   0
34.2848   0
34.2948   0
34.3048   1
34.3148   0
34.3248   0
34.3348   0
34.3448   0
34.3548   0
34.3648   0
34.3748   0
34.3848   0
34.3948   0
34.4048   0
34.4148   0
34.4248   0
34.4348   0
34.4448   0
34.4548   0
34.4648   0
34.4748   0
34.4848   1
34.4948   0
34.5048   0
34.5148   0
34.5248   0
34.5348   0
34.5448   0
34.5548   0
34.5648   0
34.5748   0
34.5848   0
34.5948   0
34.6048   0
34.6148   0
34.6248   0
34.6348   0
34.6448   0
34.6548   0
34.6648   0
34.6748   0
34.6848   0
34.6948   0
34.7048   1
34.7148   0
34.7248   0
34.7348   0
34.7448   0
34.7548   0
34.7648   0
34.7748   0
34.7848   0
34.7948   0
34.8048   0
34.8148   0
34.8248   0
34.8348   0
34.8448   0
34.8548   0
34.8648   0
34.8748   0
34.8848   0
34.8948   1
34.9048   0
34.9148   0
34.9248   0
34.9348   0
34.9448   0
34.9548   0
34.9648   0
34.9748   0
34.9848   0
34.9948   0
35.0048   0
35.0148   0
35.0248   0
35.0348   0
35.0448   0
35.0548   0
35.0648   0
35.0748   0
35.0848   0
35.0948   0
35.1048   0
35.1148   0
35.1248   0
35.1348   0
35.1448   0
35.1548   0
35.1648   0
35.1748   0
35.1848   0
35.1948   0
35.2048   0
35.2148   0
35.2248   0
35.2348   0
35.2448   0
35.2548   0
35.2648   0
35.2748   0
35.2848   0
35.2948   0
35.3048   0
35.3148   0
35.3248   1
35.3348   0
35.3448   0
35.3548   0
35.3648   0
35.3748   0
35.3848   0
35.3948   0
35.4048   0
35.4148   0
35.4248   0
35.4348   0
35.4448   0
35.4548   0
35.4648   0
35.4748   0
35.4848   0
35.4948   0
35.5048   1
35.5148   0
35.5248   0
35.5348   0
35.5448   0
35.5548   0
35.5648   0
35.5748   0
35.5848   0
35.5948   0
35.6048   0
35.6148   0
35.6248   0
35.6348   0
35.6448   0
35.6548   0
35.6648   0
35.6748   0
35.6848   0
35.6948   0
35.7048   0
35.7148   0
35.7248   0
35.7348   0
35.7448   0
35.7548   0
35.7648   0
35.7748   0
35.7848   0
35.7948   0
35.8048   0
35.8148   0
35.8248   0
35.8348   0
35.8448   0
35.8548   0
35.8648   0
35.8748   1
35.8848   0
35.8948   0
35.9048   0
35.9148   0
35.9248   0
35.9348   0
35.9448   0
35.9548   0
35.9648   0
35.9748   0
35.9848   0
35.9948   0
36.0048   0
36.0148   0
36.0248   0
36.0348   0
36.0448   0
36.0548   0
36.0648   0
36.0748   0
36.0848   0
36.0948   0
36.1048   0
36.1148   0
36.1248   0
36.1348   0
36.1448   0
36.1548   0
36.1648   0
36.1748   1
36.1848   0
36.1948   0
36.2048   0
36.2148   0
36.2248   0
36.2348   0
36.2448   0
36.2548   0
36.2648   0
36.2748   0
36.2848   0
36.2948   0
36.3048   0
36.3148   1
36.3248   0
36.3348   0
36.3448   1
36.3548   0
36.3648   0
36.3748   0
36.3848   0
36.3948   0
36.4048   0
36.4148   0
36.4248   0
36.4348   0
36.4448   0
36.4548   1
36.4648   0
36.4748   0
36.4848   0
36.4948   0
36.5048   0
36.5148   0
36.5248   0
36.5348   0
36.5448   0
36.5548   0
36.5648   0
36.5748   0
36.5848   0
36.5948   0
36.6048   0
36.6148   0
36.6248   0
36.6348   0
36.6448   0
36.6548   0
36.6648   0
36.6748   0
36.6848   0
36.6948   0
36.7048   0
36.7148   0
36.7248   0
36.7348   0
36.7448   0
36.7548   0
36.7648   0
36.7748   0
36.7848   0
36.7948   0
36.8048   0
36.8148   0
36.8248   0
36.8348   0
36.8448   0
36.8548   0
36.8648   0
36.8748   0
36.8848   0
36.8948   0
36.9048   0
36.9148   0
36.9248   0
36.9348   0
36.9448   0
36.9548   0
36.9648   1
36.9748   0
36.9848   0
36.9948   0
37.0048   0
37.0148   0
37.0248   0
37.0348   0
37.0448   0
37.0548   0
37.0648   0
37.0748   0
37.0848   0
37.0948   0
37.1048   0
37.1148   0
37.1248   1
37.1348   0
37.1448   0
37.1548   0
37.1648   0
37.1748   0
37.1848   0
37.1948   0
37.2048   0
37.2148   0
37.2248   0
37.2348   0
37.2448   0
37.2548   0
37.2648   0
37.2748   0
37.2848   0
37.2948   0
37.3048   0
37.3148   0
37.3248   0
37.3348   0
37.3448   0
37.3548   0
37.3648   0
37.3748   0
37.3848   0
37.3948   0
37.4048   0
37.4148   0
37.4248   0
37.4348   0
37.4448   0
37.4548   0
37.4648   0
37.4748   0
37.4848   0
37.4948   0
37.5048   0
37.5148   0
37.5248   0
37.5348   0
37.5448   0
37.5548   0
37.5648   0
37.5748   0
37.5848   0
37.5948   0
37.6048   0
37.6148   0
37.6248   0
37.6348   0
37.6448   0
37.6548   0
37.6648   0
37.6748   0
37.6848   0
37.6948   0
37.7048   0
37.7148   0
37.7248   0
37.7348   0
37.7448   0
37.7548   0
37.7648   0
37.7748   0
37.7848   0
37.7948   0
37.8048   0
37.8148   0
37.8248   0
37.8348   0
37.8448   0
37.8548   0
37.8648   0
37.8748   0
37.8848   0
37.8948   0
37.9048   0
37.9148   0
37.9248   0
37.9348   0
37.9448   0
37.9548   0
37.9648   0
37.9748   0
37.9848   0
37.9948   0
38.0048   0
38.0148   0
38.0248   0
38.0348   0
38.0448   0
38.0548   0
38.0648   0
38.0748   0
38.0848   0
38.0948   0
38.1048   0
38.1148   0
38.1248   0
38.1348   0
38.1448   0
38.1548   0
38.1648   1
38.1748   0
38.1848   0
38.1948   0
38.2048   0
38.2148   0
38.2248   0
38.2348   0
38.2448   0
38.2548   0
38.2648   0
38.2748   0
38.2848   0
38.2948   0
38.3048   0
38.3148   0
38.3248   0
38.3348   0
38.3448   0
38.3548   0
38.3648   0
38.3748   0
38.3848   0
38.3948   0
38.4048   0
38.4148   0
38.4248   0
38.4348   0
38.4448   0
38.4548   0
38.4648   0
38.4748   0
38.4848   0
38.4948   0
38.5048   0
38.5148   0
38.5248   0
38.5348   1
38.5448   0
38.5548   0
38.5648   0
38.5748   0
38.5848   0
38.5948   1
38.6048   0
38.6148   0
38.6248   0
38.6348   0
38.6448   0
38.6548   0
38.6648   0
38.6748   0
38.6848   0
38.6948   0
38.7048   0
38.7148   0
38.7248   0
38.7348   0
38.7448   0
38.7548   0
38.7648   0
38.7748   0
38.7848   0
38.7948   0
38.8048   0
38.8148   0
38.8248   0
38.8348   0
38.8448   0
38.8548   0
38.8648   0
38.8748   0
38.8848   0
38.8948   0
38.9048   0
38.9148   0
38.9248   0
38.9348   1
38.9448   0
38.9548   0
38.9648   0
38.9748   0
38.9848   0
38.9948   0
39.0048   0
39.0148   0
39.0248   0
39.0348   0
39.0448   0
39.0548   0
39.0648   0
39.0748   0
39.0848   0
39.0948   0
39.1048   0
39.1148   0
39.1248   0
39.1348   0
39.1448   1
39.1548   0
39.1648   0
39.1748   0
39.1848   0
39.1948   0
39.2048   0
39.2148   0
39.2248   0
39.2348   0
39.2448   0
39.2548   0
39.2648   0
39.2748   0
39.2848   0
39.2948   0
39.3048   0
39.3148   0
39.3248   0
39.3348   0
39.3448   0
39.3548   0
39.3648   0
39.3748   0
39.3848   0
39.3948   0
39.4048   0
39.4148   0
39.4248   0
39.4348   0
39.4448   0
39.4548   0
39.4648   0
39.4748   0
39.4848   0
39.4948   0
39.5048   0
39.5148   0
39.5248   0
39.5348   0
39.5448   0
39.5548   0
39.5648   0
39.5748   0
39.5848   0
39.5948   0
39.6048   0
39.6148   0
39.6248   0
39.6348   0
39.6448   0
39.6548   0
39.6648   0
39.6748   0
39.6848   0
39.6948   0
39.7048   0
39.7148   0
39.7248   0
39.7348   0
39.7448   0
39.7548   0
39.7648   0
39.7748   0
39.7848   0
39.7948   0
39.8048   0
39.8148   0
39.8248   0
39.8348   0
39.8448   0
39.8548   0
39.8648   0
39.8748   0
39.8848   0
39.8948   0
39.9048   0
39.9148   0
39.9248   0
39.9348   0
39.9448   0
39.9548   0
39.9648   0
39.9748   0
39.9848   0
39.9948   0
