-0.9552     0
-0.9452     0
-0.9352     0
-0.9252     0
-0.9152     0
-0.9052     0
-0.8952     0
-0.8852     0
-0.8752     0
-0.8652     0
-0.8552     0
-0.8452     0
-0.8352     0
-0.8252     0
-0.8152     0
-0.8052     0
-0.7952     0
-0.7852     0
-0.7752     0
-0.7652     0
-0.7552     0
-0.7452     0
-0.7352     0
-0.7252     0
-0.7152     0
-0.7052     0
-0.6952     0
-0.6852     0
-0.6752     0
-0.6652     0
-0.6552     0
-0.6452     0
-0.6352     0
-0.6252     0
-0.6152     0
-0.6052     0
-0.5952     0
-0.5852     0
-0.5752     0
-0.5652     0
-0.5552     0
-0.5452     0
-0.5352     0
-0.5252     0
-0.5152     0
-0.5052     0
-0.4952     0
-0.4852     0
-0.4752     0
-0.4652     0
-0.4552     0
-0.4452     0
-0.4352     0
-0.4252     0
-0.4152     0
-0.4052     1
-0.3952     2
-0.3852     1
-0.3752     0
-0.3652     0
-0.3552     0
-0.3452     1
-0.3352     1
-0.3252     0
-0.3152     1
-0.3052     1
-0.2952     1
-0.2852     1
-0.2752     2
-0.2652     0
-0.2552     1
-0.2452     1
-0.2352     1
-0.2252     1
-0.2152     0
-0.2052     3
-0.1952     6
-0.1852    13
-0.1752     9
-0.1652    34
-0.1552    79
-0.1452   167
-0.1352   345
-0.1252   600
-0.1152   993
-0.1052  1686
-0.0952  2718
-0.0852  4058
-0.0752  5722
-0.0652  8090
-0.0552 10603
-0.0452 13411
-0.0352 15915
-0.0252 18129
-0.0152 19929
-0.0052 21497
 0.0048 21321
 0.0148 20050
 0.0248 18621
 0.0348 15952
 0.0448 13651
 0.0548 10615
 0.0648  8228
 0.0748  5813
 0.0848  4210
 0.0948  2698
 0.1048  1688
 0.1148  1060
 0.1248   615
 0.1348   357
 0.1448   171
 0.1548    86
 0.1648    35
 0.1748    18
 0.1848     9
 0.1948     2
 0.2048     2
 0.2148     0
 0.2248     0
 0.2348     0
 0.2448     0
 0.2548     0
 0.2648     0
 0.2748     0
 0.2848    -1
 0.2948    -1
 0.3048    -1
 0.3148    -1
 0.3248    -1
 0.3348    -1
 0.3448    -1
 0.3548     1
 0.3648     0
 0.3748     1
 0.3848     0
 0.3948     0
 0.4048     0
 0.4148    13
 0.4248    14
 0.4348    18
 0.4448     8
 0.4548    17
 0.4648    19
 0.4748    19
 0.4848    17
 0.4948     9
 0.5048     9
 0.5148    11
 0.5248    15
 0.5348    14
 0.5448    16
 0.5548    12
 0.5648    15
 0.5748    16
 0.5848    14
 0.5948     9
 0.6048    14
 0.6148    12
 0.6248    11
 0.6348     9
 0.6448    14
 0.6548     9
 0.6648    17
 0.6748     9
 0.6848    10
 0.6948    14
 0.7048     9
 0.7148     9
 0.7248    19
 0.7348    16
 0.7448     9
 0.7548     9
 0.7648    15
 0.7748    15
 0.7848    13
 0.7948    14
 0.8048    14
 0.8148    12
 0.8248     7
 0.8348     8
 0.8448    11
 0.8548    15
 0.8648    14
 0.8748    14
 0.8848    14
 0.8948     9
 0.9048    10
 0.9148    11
 0.9248     7
 0.9348    21
 0.9448     6
 0.9548    12
 0.9648    16
 0.9748    12
 0.9848    18
 0.9948    11
 1.0048     9
 1.0148    10
 1.0248    13
 1.0348    12
 1.0448     7
 1.0548    13
 1.0648    11
 1.0748    11
 1.0848     9
 1.0948    13
 1.1048    10
 1.1148    11
 1.1248     7
 1.1348    12
 1.1448    11
 1.1548     8
 1.1648     9
 1.1748    11
 1.1848    13
 1.1948    10
 1.2048     8
 1.2148     9
 1.2248    12
 1.2348    10
 1.2448     7
 1.2548    11
 1.2648    11
 1.2748     9
 1.2848    11
 1.2948    12
 1.3048    11
 1.3148     8
 1.3248     5
 1.3348     7
 1.3448    11
 1.3548    12
 1.3648    10
 1.3748     9
 1.3848    11
 1.3948    10
 1.4048    13
 1.4148    13
 1.4248    10
 1.4348    14
 1.4448    16
 1.4548    18
 1.4648    19
 1.4748    16
 1.4848    17
 1.4948    18
 1.5048    16
 1.5148    18
 1.5248    13
 1.5348    14
 1.5448     9
 1.5548    12
 1.5648    13
 1.5748     8
 1.5848     7
 1.5948    14
 1.6048     8
 1.6148    12
 1.6248    16
 1.6348    20
 1.6448    18
 1.6548    23
 1.6648    25
 1.6748    31
 1.6848    47
 1.6948    49
 1.7048    62
 1.7148    53
 1.7248    69
 1.7348    82
 1.7448    66
 1.7548    67
 1.7648    82
 1.7748    50
 1.7848    62
 1.7948    67
 1.8048    30
 1.8148    30
 1.8248    35
 1.8348    29
 1.8448    25
 1.8548    24
 1.8648    19
 1.8748    19
 1.8848    16
 1.8948    14
 1.9048    16
 1.9148    22
 1.9248    25
 1.9348    34
 1.9448    27
 1.9548    31
 1.9648    39
 1.9748    45
 1.9848    49
 1.9948    48
 2.0048    51
 2.0148    51
 2.0248    56
 2.0348    48
 2.0448    47
 2.0548    47
 2.0648    38
 2.0748    36
 2.0848    28
 2.0948    25
 2.1048    24
 2.1148    25
 2.1248    13
 2.1348    17
 2.1448    18
 2.1548    12
 2.1648    19
 2.1748    19
 2.1848    14
 2.1948    12
 2.2048    10
 2.2148     9
 2.2248    14
 2.2348    12
 2.2448    16
 2.2548    22
 2.2648    18
 2.2748    25
 2.2848    23
 2.2948    26
 2.3048    28
 2.3148    33
 2.3248    34
 2.3348    36
 2.3448    35
 2.3548    36
 2.3648    43
 2.3748    42
 2.3848    42
 2.3948    48
 2.4048    56
 2.4148    63
 2.4248    59
 2.4348    50
 2.4448    49
 2.4548    55
 2.4648    59
 2.4748    55
 2.4848    47
 2.4948    49
 2.5048    53
 2.5148    56
 2.5248    52
 2.5348    44
 2.5448    48
 2.5548    54
 2.5648    54
 2.5748    65
 2.5848    62
 2.5948    55
 2.6048    58
 2.6148    56
 2.6248    55
 2.6348    61
 2.6448    59
 2.6548    40
 2.6648    30
 2.6748    37
 2.6848    38
 2.6948    34
 2.7048    30
 2.7148    28
 2.7248    27
 2.7348    26
 2.7448    27
 2.7548    18
 2.7648    19
 2.7748    19
 2.7848    17
 2.7948    19
 2.8048    25
 2.8148    33
 2.8248    25
 2.8348    37
 2.8448    37
 2.8548    38
 2.8648    49
 2.8748    54
 2.8848    75
 2.8948    80
 2.9048    84
 2.9148   101
 2.9248   104
 2.9348   118
 2.9448   119
 2.9548   112
 2.9648   120
 2.9748   118
 2.9848    93
 2.9948    91
 3.0048    81
 3.0148    79
 3.0248    78
 3.0348    55
 3.0448    48
 3.0548    46
 3.0648    39
 3.0748    36
 3.0848    29
 3.0948    26
 3.1048    23
 3.1148    23
 3.1248    29
 3.1348    39
 3.1448    36
 3.1548    43
 3.1648    49
 3.1748    46
 3.1848    55
 3.1948    59
 3.2048    59
 3.2148    70
 3.2248    82
 3.2348   100
 3.2448   114
 3.2548   119
 3.2648   122
 3.2748   124
 3.2848   145
 3.2948   157
 3.3048   152
 3.3148   149
 3.3248   148
 3.3348   151
 3.3448   142
 3.3548   132
 3.3648   109
 3.3748    90
 3.3848    81
 3.3948    68
 3.4048    54
 3.4148    46
 3.4248    39
 3.4348    26
 3.4448    20
 3.4548    19
 3.4648    18
 3.4748    17
 3.4848    18
 3.4948    20
 3.5048    20
 3.5148    22
 3.5248    23
 3.5348    23
 3.5448    28
 3.5548    35
 3.5648    42
 3.5748    42
 3.5848    49
 3.5948    58
 3.6048    62
 3.6148    70
 3.6248    79
 3.6348    85
 3.6448    81
 3.6548    84
 3.6648   103
 3.6748   108
 3.6848   120
 3.6948   110
 3.7048    85
 3.7148    87
 3.7248    81
 3.7348    71
 3.7448    61
 3.7548    54
 3.7648    47
 3.7748    43
 3.7848    35
 3.7948    27
 3.8048    28
 3.8148    21
 3.8248    20
 3.8348    17
 3.8448    15
 3.8548    18
 3.8648    17
 3.8748    16
 3.8848    13
 3.8948     9
 3.9048    11
 3.9148    12
 3.9248    14
 3.9348    19
 3.9448    23
 3.9548    24
 3.9648    22
 3.9748    17
 3.9848    17
 3.9948    19
 4.0048    21
 4.0148    23
 4.0248    21
 4.0348    18
 4.0448    16
 4.0548    18
 4.0648    21
 4.0748    19
 4.0848    18
 4.0948    22
 4.1048    23
 4.1148    19
 4.1248    16
 4.1348    12
 4.1448    10
 4.1548    11
 4.1648    12
 4.1748    20
 4.1848    19
 4.1948    15
 4.2048    16
 4.2148    14
 4.2248    14
 4.2348    12
 4.2448    12
 4.2548    14
 4.2648    18
 4.2748    19
 4.2848    20
 4.2948    16
 4.3048    13
 4.3148    16
 4.3248    13
 4.3348    14
 4.3448    16
 4.3548    25
 4.3648    31
 4.3748    26
 4.3848    23
 4.3948    26
 4.4048    32
 4.4148    46
 4.4248    56
 4.4348    64
 4.4448    70
 4.4548    67
 4.4648    68
 4.4748    69
 4.4848    81
 4.4948    81
 4.5048    80
 4.5148    89
 4.5248    69
 4.5348    61
 4.5448    82
 4.5548    78
 4.5648    74
 4.5748    65
 4.5848    66
 4.5948    51
 4.6048    39
 4.6148    48
 4.6248    19
 4.6348    36
 4.6448    49
 4.6548    16
 4.6648    23
 4.6748    28
 4.6848    41
 4.6948    38
 4.7048    31
 4.7148    34
 4.7248    38
 4.7348    44
 4.7448    40
 4.7548    24
 4.7648    39
 4.7748    37
 4.7848    35
 4.7948    46
 4.8048    43
 4.8148    39
 4.8248    43
 4.8348    40
 4.8448    35
 4.8548    44
 4.8648    49
 4.8748    52
 4.8848    54
 4.8948    63
 4.9048    65
 4.9148    68
 4.9248    77
 4.9348    85
 4.9448    92
 4.9548    83
 4.9648    68
 4.9748    79
 4.9848    72
 4.9948    68
 5.0048    74
 5.0148    66
 5.0248    64
 5.0348    54
 5.0448    50
 5.0548    50
 5.0648    42
 5.0748    49
 5.0848    45
 5.0948    44
 5.1048    49
 5.1148    45
 5.1248    35
 5.1348    32
 5.1448    35
 5.1548    44
 5.1648    46
 5.1748    45
 5.1848    44
 5.1948    40
 5.2048    39
 5.2148    48
 5.2248    51
 5.2348    43
 5.2448    39
 5.2548    50
 5.2648    60
 5.2748    55
 5.2848    54
 5.2948    69
 5.3048    64
 5.3148    51
 5.3248    65
 5.3348    77
 5.3448    81
 5.3548    80
 5.3648    72
 5.3748    80
 5.3848    75
 5.3948    90
 5.4048    87
 5.4148    89
 5.4248    93
 5.4348    87
 5.4448    95
 5.4548    90
 5.4648    86
 5.4748    86
 5.4848    94
 5.4948   101
 5.5048   104
 5.5148    94
 5.5248    92
 5.5348    90
 5.5448    88
 5.5548    92
 5.5648    89
 5.5748    84
 5.5848    78
 5.5948    94
 5.6048   102
 5.6148    76
 5.6248    88
 5.6348    86
 5.6448    70
 5.6548    71
 5.6648    76
 5.6748    69
 5.6848    63
 5.6948    66
 5.7048    74
 5.7148    63
 5.7248    60
 5.7348    62
 5.7448    72
 5.7548    72
 5.7648    68
 5.7748    70
 5.7848    73
 5.7948    72
 5.8048    70
 5.8148    70
 5.8248    66
 5.8348    70
 5.8448    67
 5.8548    75
 5.8648    85
 5.8748    76
 5.8848    85
 5.8948    84
 5.9048    73
 5.9148    76
 5.9248    81
 5.9348    81
 5.9448    86
 5.9548    96
 5.9648    94
 5.9748    91
 5.9848    90
 5.9948    96
 6.0048    97
 6.0148    97
 6.0248    99
 6.0348    96
 6.0448    97
 6.0548   108
 6.0648   104
 6.0748   105
 6.0848   107
 6.0948   127
 6.1048   130
 6.1148   138
 6.1248   176
 6.1348   212
 6.1448   255
 6.1548   297
 6.1648   353
 6.1748   457
 6.1848   599
 6.1948   862
 6.2048  1171
 6.2148  1529
 6.2248  2092
 6.2348  2882
 6.2448  3823
 6.2548  5071
 6.2648  6630
 6.2748  8345
 6.2848 10459
 6.2948 12904
 6.3048 15532
 6.3148 18407
 6.3248 21384
 6.3348 24296
 6.3448 27267
 6.3548 29815
 6.3648 32048
 6.3748 33823
 6.3848 34937
 6.3948 35389
 6.4048 35019
 6.4148 34204
 6.4248 32677
 6.4348 30713
 6.4448 28093
 6.4548 25333
 6.4648 22321
 6.4748 19292
 6.4848 16308
 6.4948 13642
 6.5048 11220
 6.5148  8948
 6.5248  6919
 6.5348  5363
 6.5448  4086
 6.5548  3044
 6.5648  2252
 6.5748  1654
 6.5848  1231
 6.5948   914
 6.6048   661
 6.6148   481
 6.6248   356
 6.6348   310
 6.6448   259
 6.6548   232
 6.6648   207
 6.6748   173
 6.6848   168
 6.6948   164
 6.7048   170
 6.7148   180
 6.7248   178
 6.7348   179
 6.7448   172
 6.7548   178
 6.7648   188
 6.7748   202
 6.7848   205
 6.7948   197
 6.8048   216
 6.8148   231
 6.8248   246
 6.8348   262
 6.8448   308
 6.8548   377
 6.8648   451
 6.8748   493
 6.8848   607
 6.8948   773
 6.9048   904
 6.9148  1120
 6.9248  1360
 6.9348  1608
 6.9448  1933
 6.9548  2261
 6.9648  2596
 6.9748  2947
 6.9848  3294
 6.9948  3659
 7.0048  3971
 7.0148  4293
 7.0248  4546
 7.0348  4780
 7.0448  4975
 7.0548  4964
 7.0648  4822
 7.0748  4612
 7.0848  4354
 7.0948  4073
 7.1048  3770
 7.1148  3422
 7.1248  2994
 7.1348  2632
 7.1448  2289
 7.1548  1869
 7.1648  1551
 7.1748  1314
 7.1848  1005
 7.1948   793
 7.2048   638
 7.2148   483
 7.2248   362
 7.2348   292
 7.2448   240
 7.2548   188
 7.2648   142
 7.2748   109
 7.2848    90
 7.2948    77
 7.3048    73
 7.3148    75
 7.3248    70
 7.3348    67
 7.3448    80
 7.3548    69
 7.3648    59
 7.3748    73
 7.3848    76
 7.3948    72
 7.4048    63
 7.4148    68
 7.4248    72
 7.4348    75
 7.4448    67
 7.4548    63
 7.4648    70
 7.4748    74
 7.4848    75
 7.4948    81
 7.5048    78
 7.5148    71
 7.5248    71
 7.5348    70
 7.5448    70
 7.5548    67
 7.5648    66
 7.5748    66
 7.5848    71
 7.5948    78
 7.6048    65
 7.6148    59
 7.6248    69
 7.6348    72
 7.6448    75
 7.6548    84
 7.6648    85
 7.6748    74
 7.6848    71
 7.6948    79
 7.7048    76
 7.7148    80
 7.7248    72
 7.7348    73
 7.7448    87
 7.7548    96
 7.7648    99
 7.7748    96
 7.7848    97
 7.7948   104
 7.8048   103
 7.8148   116
 7.8248   144
 7.8348   156
 7.8448   177
 7.8548   232
 7.8648   287
 7.8748   327
 7.8848   399
 7.8948   498
 7.9048   602
 7.9148   718
 7.9248   832
 7.9348   973
 7.9448  1147
 7.9548  1302
 7.9648  1429
 7.9748  1642
 7.9848  1811
 7.9948  1904
 8.0048  2060
 8.0148  2186
 8.0248  2260
 8.0348  2243
 8.0448  2235
 8.0548  2189
 8.0648  2111
 8.0748  2016
 8.0848  1869
 8.0948  1729
 8.1048  1603
 8.1148  1412
 8.1248  1216
 8.1348  1101
 8.1448   936
 8.1548   805
 8.1648   710
 8.1748   572
 8.1848   479
 8.1948   424
 8.2048   373
 8.2148   321
 8.2248   289
 8.2348   270
 8.2448   258
 8.2548   237
 8.2648   207
 8.2748   202
 8.2848   211
 8.2948   238
 8.3048   230
 8.3148   211
 8.3248   216
 8.3348   223
 8.3448   216
 8.3548   194
 8.3648   186
 8.3748   191
 8.3848   195
 8.3948   213
 8.4048   217
 8.4148   191
 8.4248   171
 8.4348   171
 8.4448   180
 8.4548   183
 8.4648   181
 8.4748   168
 8.4848   157
 8.4948   149
 8.5048   146
 8.5148   156
 8.5248   150
 8.5348   146
 8.5448   157
 8.5548   167
 8.5648   176
 8.5748   166
 8.5848   154
 8.5948   166
 8.6048   179
 8.6148   171
 8.6248   169
 8.6348   177
 8.6448   185
 8.6548   180
 8.6648   179
 8.6748   173
 8.6848   178
 8.6948   185
 8.7048   174
 8.7148   179
 8.7248   193
 8.7348   192
 8.7448   202
 8.7548   207
 8.7648   218
 8.7748   240
 8.7848   266
 8.7948   287
 8.8048   294
 8.8148   311
 8.8248   338
 8.8348   365
 8.8448   380
 8.8548   385
 8.8648   398
 8.8748   416
 8.8848   413
 8.8948   415
 8.9048   419
 8.9148   438
 8.9248   431
 8.9348   396
 8.9448   373
 8.9548   343
 8.9648   310
 8.9748   301
 8.9848   298
 8.9948   253
 9.0048   203
 9.0148   202
 9.0248   186
 9.0348   168
 9.0448   171
 9.0548   168
 9.0648   148
 9.0748   133
 9.0848   132
 9.0948   132
 9.1048   127
 9.1148   113
 9.1248   109
 9.1348   112
 9.1448   119
 9.1548   126
 9.1648   129
 9.1748   124
 9.1848   113
 9.1948   113
 9.2048   112
 9.2148   127
 9.2248   141
 9.2348   130
 9.2448   130
 9.2548   130
 9.2648   121
 9.2748   119
 9.2848   121
 9.2948   130
 9.3048   122
 9.3148   127
 9.3248   134
 9.3348   131
 9.3448   133
 9.3548   132
 9.3648   121
 9.3748   116
 9.3848   133
 9.3948   148
 9.4048   138
 9.4148   132
 9.4248   137
 9.4348   136
 9.4448   125
 9.4548   128
 9.4648   137
 9.4748   132
 9.4848   128
 9.4948   134
 9.5048   142
 9.5148   136
 9.5248   127
 9.5348   124
 9.5448   132
 9.5548   136
 9.5648   143
 9.5748   137
 9.5848   129
 9.5948   129
 9.6048   120
 9.6148   138
 9.6248   146
 9.6348   128
 9.6448   133
 9.6548   147
 9.6648   155
 9.6748   148
 9.6848   133
 9.6948   133
 9.7048   136
 9.7148   138
 9.7248   130
 9.7348   120
 9.7448   130
 9.7548   134
 9.7648   140
 9.7748   142
 9.7848   151
 9.7948   156
 9.8048   143
 9.8148   146
 9.8248   156
 9.8348   160
 9.8448   151
 9.8548   141
 9.8648   141
 9.8748   139
 9.8848   140
 9.8948   144
 9.9048   143
 9.9148   146
 9.9248   149
 9.9348   152
 9.9448   150
 9.9548   140
 9.9648   133
 9.9748   143
 9.9848   144
 9.9948   141
10.0048   147
10.0148   150
10.0248   141
10.0348   135
10.0448   133
10.0548   135
10.0648   132
10.0748   126
10.0848   137
10.0948   138
10.1048   132
10.1148   140
10.1248   146
10.1348   144
10.1448   136
10.1548   139
10.1648   144
10.1748   149
10.1848   151
10.1948   147
10.2048   145
10.2148   144
10.2248   136
10.2348   132
10.2448   143
10.2548   164
10.2648   164
10.2748   148
10.2848   151
10.2948   158
10.3048   167
10.3148   163
10.3248   175
10.3348   176
10.3448   176
10.3548   189
10.3648   196
10.3748   202
10.3848   212
10.3948   227
10.4048   228
10.4148   230
10.4248   241
10.4348   244
10.4448   259
10.4548   288
10.4648   302
10.4748   309
10.4848   341
10.4948   362
10.5048   359
10.5148   379
10.5248   386
10.5348   388
10.5448   387
10.5548   367
10.5648   356
10.5748   359
10.5848   345
10.5948   338
10.6048   352
10.6148   335
10.6248   310
10.6348   292
10.6448   281
10.6548   276
10.6648   293
10.6748   293
10.6848   292
10.6948   286
10.7048   289
10.7148   310
10.7248   316
10.7348   330
10.7448   344
10.7548   368
10.7648   383
10.7748   385
10.7848   413
10.7948   437
10.8048   437
10.8148   447
10.8248   463
10.8348   442
10.8448   420
10.8548   451
10.8648   453
10.8748   418
10.8848   372
10.8948   390
10.9048   405
10.9148   351
10.9248   304
10.9348   304
10.9448   266
10.9548   245
10.9648   246
10.9748   235
10.9848   226
10.9948   206
11.0048   199
11.0148   197
11.0248   190
11.0348   167
11.0448   166
11.0548   171
11.0648   172
11.0748   164
11.0848   157
11.0948   154
11.1048   152
11.1148   158
11.1248   151
11.1348   148
11.1448   163
11.1548   160
11.1648   145
11.1748   145
11.1848   169
11.1948   158
11.2048   153
11.2148   169
11.2248   167
11.2348   148
11.2448   145
11.2548   147
11.2648   152
11.2748   131
11.2848   141
11.2948   147
11.3048   128
11.3148   123
11.3248   128
11.3348   142
11.3448   141
11.3548   124
11.3648   130
11.3748   152
11.3848   154
11.3948   127
11.4048   143
11.4148   159
11.4248   151
11.4348   148
11.4448   155
11.4548   151
11.4648   142
11.4748   147
11.4848   149
11.4948   140
11.5048   157
11.5148   153
11.5248   124
11.5348   134
11.5448   155
11.5548   148
11.5648   132
11.5748   158
11.5848   164
11.5948   132
11.6048   136
11.6148   152
11.6248   142
11.6348   147
11.6448   150
11.6548   166
11.6648   160
11.6748   150
11.6848   151
11.6948   154
11.7048   143
11.7148   131
11.7248   159
11.7348   143
11.7448   133
11.7548   148
11.7648   137
11.7748   139
11.7848   145
11.7948   145
11.8048   151
11.8148   145
11.8248   143
11.8348   129
11.8448   133
11.8548   129
11.8648   119
11.8748   126
11.8848   128
11.8948   136
11.9048   120
11.9148   131
11.9248   133
11.9348   135
11.9448   138
11.9548   118
11.9648   118
11.9748   121
11.9848   146
11.9948   136
12.0048   134
12.0148   135
12.0248   143
12.0348   140
12.0448   115
12.0548   125
12.0648   129
12.0748   132
12.0848   128
12.0948   131
12.1048   124
12.1148   129
12.1248   127
12.1348   133
12.1448   112
12.1548   116
12.1648   112
12.1748   125
12.1848   135
12.1948   119
12.2048   121
12.2148   133
12.2248   135
12.2348   141
12.2448   119
12.2548   129
12.2648   136
12.2748   138
12.2848   140
12.2948   120
12.3048   123
12.3148   154
12.3248   153
12.3348   134
12.3448   122
12.3548   137
12.3648   136
12.3748   140
12.3848   125
12.3948   123
12.4048   141
12.4148   148
12.4248   155
12.4348   148
12.4448   153
12.4548   149
12.4648   150
12.4748   149
12.4848   156
12.4948   179
12.5048   174
12.5148   182
12.5248   189
12.5348   174
12.5448   179
12.5548   210
12.5648   207
12.5748   232
12.5848   236
12.5948   227
12.6048   224
12.6148   223
12.6248   227
12.6348   222
12.6448   220
12.6548   220
12.6648   217
12.6748   212
12.6848   212
12.6948   211
12.7048   205
12.7148   201
12.7248   211
12.7348   221
12.7448   221
12.7548   220
12.7648   214
12.7748   203
12.7848   208
12.7948   217
12.8048   218
12.8148   215
12.8248   213
12.8348   214
12.8448   221
12.8548   227
12.8648   226
12.8748   235
12.8848   251
12.8948   249
12.9048   241
12.9148   246
12.9248   259
12.9348   275
12.9448   287
12.9548   293
12.9648   297
12.9748   296
12.9848   297
12.9948   300
13.0048   288
13.0148   284
13.0248   299
13.0348   296
13.0448   279
13.0548   294
13.0648   262
13.0748   247
13.0848   262
13.0948   234
13.1048   229
13.1148   207
13.1248   205
13.1348   209
13.1448   205
13.1548   185
13.1648   178
13.1748   183
13.1848   186
13.1948   192
13.2048   187
13.2148   169
13.2248   154
13.2348   149
13.2448   167
13.2548   151
13.2648   160
13.2748   149
13.2848   155
13.2948   188
13.3048   164
13.3148   156
13.3248   156
13.3348   160
13.3448   163
13.3548   166
13.3648   166
13.3748   167
13.3848   172
13.3948   172
13.4048   165
13.4148   152
13.4248   145
13.4348   153
13.4448   168
13.4548   173
13.4648   164
13.4748   152
13.4848   156
13.4948   172
13.5048   175
13.5148   161
13.5248   151
13.5348   158
13.5448   173
13.5548   180
13.5648   178
13.5748   173
13.5848   168
13.5948   164
13.6048   157
13.6148   162
13.6248   174
13.6348   175
13.6448   169
13.6548   163
13.6648   162
13.6748   162
13.6848   151
13.6948   160
13.7048   175
13.7148   179
13.7248   184
13.7348   154
13.7448   166
13.7548   165
13.7648   176
13.7748   152
13.7848   156
13.7948   162
13.8048   189
13.8148   158
13.8248   156
13.8348   169
13.8448   188
13.8548   165
13.8648   152
13.8748   152
13.8848   169
13.8948   158
13.9048   153
13.9148   174
13.9248   153
13.9348   140
13.9448   147
13.9548   147
13.9648   132
13.9748   143
13.9848   164
13.9948   147
14.0048   141
14.0148   155
14.0248   139
14.0348   156
14.0448   121
14.0548   105
14.0648   130
14.0748   122
14.0848   123
14.0948   113
14.1048   112
14.1148   122
14.1248   122
14.1348   109
14.1448   112
14.1548   114
14.1648   112
14.1748   124
14.1848   111
14.1948   117
14.2048   106
14.2148   112
14.2248   111
14.2348   108
14.2448   110
14.2548   106
14.2648   118
14.2748   108
14.2848    97
14.2948   106
14.3048   109
14.3148   108
14.3248   109
14.3348   115
14.3448   117
14.3548   112
14.3648   104
14.3748   105
14.3848   108
14.3948   104
14.4048   100
14.4148   104
14.4248   108
14.4348   109
14.4448   108
14.4548   107
14.4648   110
14.4748   108
14.4848   100
14.4948    95
14.5048    96
14.5148   104
14.5248   108
14.5348   102
14.5448    97
14.5548   101
14.5648   104
14.5748   108
14.5848   111
14.5948   108
14.6048   100
14.6148    99
14.6248   105
14.6348   105
14.6448   101
14.6548    98
14.6648    99
14.6748   100
14.6848   105
14.6948   115
14.7048   112
14.7148   104
14.7248   104
14.7348   100
14.7448    98
14.7548   104
14.7648   115
14.7748   121
14.7848   116
14.7948   109
14.8048   104
14.8148   103
14.8248   105
14.8348    93
14.8448    81
14.8548    86
14.8648   101
14.8748   113
14.8848    98
14.8948    97
14.9048    96
14.9148    96
14.9248    92
14.9348    98
14.9448   102
14.9548   109
14.9648   104
14.9748    96
14.9848    90
14.9948    77
15.0048   107
15.0148    85
15.0248   116
15.0348   116
15.0448    93
15.0548    82
15.0648    95
15.0748    88
15.0848    87
15.0948   107
15.1048    92
15.1148    91
15.1248    95
15.1348    96
15.1448    84
15.1548    99
15.1648    88
15.1748   120
15.1848    97
15.1948   113
15.2048   102
15.2148   111
15.2248   106
15.2348   110
15.2448    91
15.2548    95
15.2648   122
15.2748   117
15.2848   106
15.2948    94
15.3048   111
15.3148    96
15.3248   105
15.3348    94
15.3448    93
15.3548    84
15.3648    87
15.3748   103
15.3848    92
15.3948   111
15.4048    78
15.4148    86
15.4248   109
15.4348    97
15.4448    76
15.4548    76
15.4648    88
15.4748    85
15.4848    78
15.4948    87
15.5048    90
15.5148    85
15.5248    81
15.5348    92
15.5448    85
15.5548    80
15.5648    97
15.5748    91
15.5848    75
15.5948    83
15.6048   100
15.6148   100
15.6248    81
15.6348   107
15.6448   101
15.6548    91
15.6648   108
15.6748   103
15.6848    98
15.6948    92
15.7048    98
15.7148   110
15.7248    92
15.7348    92
15.7448    95
15.7548   107
15.7648    95
15.7748   111
15.7848    91
15.7948   104
15.8048    73
15.8148    76
15.8248    95
15.8348   101
15.8448    90
15.8548    68
15.8648    80
15.8748    86
15.8848    81
15.8948    84
15.9048    81
15.9148    85
15.9248    87
15.9348    73
15.9448    75
15.9548    75
15.9648    73
15.9748    81
15.9848    75
15.9948    72
16.0048    80
16.0148    67
16.0248    73
16.0348    71
16.0448    77
16.0548    83
16.0648    90
16.0748    77
16.0848    76
16.0948    80
16.1048    70
16.1148    72
16.1248    72
16.1348    65
16.1448    77
16.1548    86
16.1648    81
16.1748    87
16.1848    72
16.1948    65
16.2048    72
16.2148    71
16.2248    75
16.2348    71
16.2448    67
16.2548    66
16.2648    78
16.2748    85
16.2848    69
16.2948    89
16.3048    74
16.3148    70
16.3248    60
16.3348    56
16.3448    72
16.3548    65
16.3648    73
16.3748    71
16.3848    71
16.3948    71
16.4048    79
16.4148    75
16.4248    67
16.4348    86
16.4448    69
16.4548    79
16.4648    69
16.4748    70
16.4848    62
16.4948    72
16.5048    78
16.5148    73
16.5248    57
16.5348    70
16.5448    78
16.5548    75
16.5648    61
16.5748    81
16.5848    92
16.5948    84
16.6048    69
16.6148    77
16.6248    59
16.6348    62
16.6448    69
16.6548    68
16.6648    48
16.6748    65
16.6848    51
16.6948    57
16.7048    69
16.7148    62
16.7248    66
16.7348    85
16.7448    65
16.7548    73
16.7648    60
16.7748    68
16.7848    60
16.7948    57
16.8048    62
16.8148    59
16.8248    72
16.8348    75
16.8448    61
16.8548    65
16.8648    58
16.8748    58
16.8848    68
16.8948    54
16.9048    59
16.9148    59
16.9248    58
16.9348    61
16.9448    79
16.9548    62
16.9648    59
16.9748    72
16.9848    63
16.9948    55
17.0048    61
17.0148    64
17.0248    62
17.0348    67
17.0448    59
17.0548    56
17.0648    82
17.0748    69
17.0848    59
17.0948    56
17.1048    44
17.1148    65
17.1248    68
17.1348    81
17.1448    76
17.1548    73
17.1648    64
17.1748    70
17.1848    77
17.1948    81
17.2048    65
17.2148    63
17.2248    66
17.2348    68
17.2448    72
17.2548    64
17.2648    58
17.2748    66
17.2848    72
17.2948    62
17.3048    73
17.3148    70
17.3248    68
17.3348    77
17.3448    81
17.3548    78
17.3648    72
17.3748    62
17.3848    60
17.3948    68
17.4048    68
17.4148    63
17.4248    51
17.4348    71
17.4448    61
17.4548    62
17.4648    69
17.4748    65
17.4848    66
17.4948    66
17.5048    69
17.5148    68
17.5248    75
17.5348    58
17.5448    56
17.5548    66
17.5648    61
17.5748    55
17.5848    70
17.5948    66
17.6048    67
17.6148    62
17.6248    60
17.6348    61
17.6448    76
17.6548    68
17.6648    63
17.6748    58
17.6848    64
17.6948    63
17.7048    75
17.7148    56
17.7248    74
17.7348    72
17.7448    57
17.7548    66
17.7648    66
17.7748    64
17.7848    56
17.7948    62
17.8048    70
17.8148    65
17.8248    61
17.8348    70
17.8448    56
17.8548    69
17.8648    68
17.8748    68
17.8848    66
17.8948    66
17.9048    65
17.9148    66
17.9248    68
17.9348    76
17.9448    76
17.9548    56
17.9648    65
17.9748    87
17.9848    82
17.9948    68
18.0048    56
18.0148    78
18.0248    72
18.0348    79
18.0448    72
18.0548    69
18.0648    92
18.0748    84
18.0848    88
18.0948    84
18.1048    92
18.1148    72
18.1248    81
18.1348    84
18.1448    78
18.1548    70
18.1648    74
18.1748    75
18.1848    74
18.1948    70
18.2048    83
18.2148    93
18.2248    92
18.2348    82
18.2448    74
18.2548    83
18.2648    80
18.2748    84
18.2848   103
18.2948    92
18.3048    86
18.3148    86
18.3248    83
18.3348   101
18.3448    97
18.3548    92
18.3648    98
18.3748   101
18.3848   103
18.3948   109
18.4048   110
18.4148    94
18.4248   104
18.4348   114
18.4448   113
18.4548   123
18.4648   131
18.4748   113
18.4848   119
18.4948   126
18.5048   117
18.5148   124
18.5248   132
18.5348   148
18.5448   142
18.5548   121
18.5648   135
18.5748   144
18.5848   147
18.5948   168
18.6048   196
18.6148   182
18.6248   152
18.6348   167
18.6448   188
18.6548   183
18.6648   192
18.6748   191
18.6848   201
18.6948   186
18.7048   197
18.7148   204
18.7248   212
18.7348   199
18.7448   209
18.7548   217
18.7648   242
18.7748   237
18.7848   238
18.7948   244
18.8048   261
18.8148   251
18.8248   264
18.8348   246
18.8448   278
18.8548   290
18.8648   267
18.8748   270
18.8848   268
18.8948   269
18.9048   276
18.9148   286
18.9248   285
18.9348   283
18.9448   298
18.9548   307
18.9648   288
18.9748   284
18.9848   292
18.9948   287
19.0048   264
19.0148   275
19.0248   303
19.0348   278
19.0448   253
19.0548   256
19.0648   277
19.0748   238
19.0848   272
19.0948   266
19.1048   266
19.1148   270
19.1248   264
19.1348   244
19.1448   226
19.1548   232
19.1648   202
19.1748   203
19.1848   199
19.1948   212
19.2048   232
19.2148   213
19.2248   205
19.2348   198
19.2448   169
19.2548   181
19.2648   172
19.2748   161
19.2848   182
19.2948   183
19.3048   161
19.3148   139
19.3248   133
19.3348   153
19.3448   140
19.3548   121
19.3648   118
19.3748   124
19.3848   128
19.3948   111
19.4048   114
19.4148   108
19.4248   115
19.4348   120
19.4448   119
19.4548   113
19.4648   115
19.4748   113
19.4848   101
19.4948    91
19.5048    95
19.5148    96
19.5248    81
19.5348    86
19.5448    82
19.5548    82
19.5648    88
19.5748    82
19.5848    80
19.5948    83
19.6048    68
19.6148    60
19.6248    68
19.6348    77
19.6448    75
19.6548    74
19.6648    71
19.6748    62
19.6848    59
19.6948    66
19.7048    66
19.7148    62
19.7248    61
19.7348    59
19.7448    48
19.7548    61
19.7648    63
19.7748    65
19.7848    60
19.7948    50
19.8048    48
19.8148    60
19.8248    62
19.8348    57
19.8448    54
19.8548    68
19.8648    66
19.8748    67
19.8848    66
19.8948    64
19.9048    65
19.9148    66
19.9248    80
19.9348    88
19.9448    80
19.9548    75
19.9648    90
19.9748    92
19.9848    95
19.9948    94
20.0048   113
20.0148   128
20.0248   122
20.0348   116
20.0448   115
20.0548   124
20.0648   147
20.0748   150
20.0848   149
20.0948   154
20.1048   159
20.1148   157
20.1248   147
20.1348   152
20.1448   162
20.1548   174
20.1648   177
20.1748   175
20.1848   171
20.1948   173
20.2048   178
20.2148   166
20.2248   153
20.2348   139
20.2448   143
20.2548   147
20.2648   136
20.2748   125
20.2848   109
20.2948   102
20.3048   111
20.3148    93
20.3248    86
20.3348    77
20.3448    81
20.3548    79
20.3648    79
20.3748    70
20.3848    56
20.3948    56
20.4048    63
20.4148    54
20.4248    39
20.4348    42
20.4448    36
20.4548    33
20.4648    29
20.4748    37
20.4848    40
20.4948    37
20.5048    36
20.5148    35
20.5248    33
20.5348    32
20.5448    34
20.5548    35
20.5648    42
20.5748    37
20.5848    33
20.5948    36
20.6048    42
20.6148    43
20.6248    38
20.6348    33
20.6448    38
20.6548    36
20.6648    39
20.6748    45
20.6848    42
20.6948    42
20.7048    34
20.7148    33
20.7248    41
20.7348    43
20.7448    34
20.7548    35
20.7648    38
20.7748    44
20.7848    36
20.7948    38
20.8048    45
20.8148    44
20.8248    43
20.8348    45
20.8448    45
20.8548    40
20.8648    48
20.8748    53
20.8848    45
20.8948    39
20.9048    41
20.9148    45
20.9248    43
20.9348    50
20.9448    51
20.9548    51
20.9648    48
20.9748    51
20.9848    55
20.9948    48
21.0048    50
21.0148    57
21.0248    53
21.0348    52
21.0448    59
21.0548    68
21.0648    56
21.0748    48
21.0848    50
21.0948    44
21.1048    47
21.1148    47
21.1248    50
21.1348    50
21.1448    46
21.1548    52
21.1648    45
21.1748    49
21.1848    51
21.1948    50
21.2048    56
21.2148    53
21.2248    63
21.2348    65
21.2448    54
21.2548    55
21.2648    52
21.2748    49
21.2848    54
21.2948    54
21.3048    61
21.3148    62
21.3248    49
21.3348    39
21.3448    40
21.3548    50
21.3648    50
21.3748    51
21.3848    49
21.3948    54
21.4048    53
21.4148    49
21.4248    49
21.4348    48
21.4448    53
21.4548    48
21.4648    41
21.4748    42
21.4848    43
21.4948    43
21.5048    43
21.5148    43
21.5248    39
21.5348    36
21.5448    36
21.5548    36
21.5648    42
21.5748    39
21.5848    36
21.5948    38
21.6048    37
21.6148    36
21.6248    30
21.6348    31
21.6448    38
21.6548    32
21.6648    21
21.6748    25
21.6848    31
21.6948    32
21.7048    30
21.7148    31
21.7248    36
21.7348    27
21.7448    27
21.7548    30
21.7648    28
21.7748    30
21.7848    25
21.7948    22
21.8048    21
21.8148    21
21.8248    21
21.8348    23
21.8448    24
21.8548    24
21.8648    26
21.8748    23
21.8848    30
21.8948    35
21.9048    25
21.9148    25
21.9248    33
21.9348    25
21.9448    20
21.9548    22
21.9648    23
21.9748    20
21.9848    15
21.9948    18
22.0048    18
22.0148    16
22.0248    21
22.0348    24
22.0448    24
22.0548    25
22.0648    20
22.0748    14
22.0848    17
22.0948    18
22.1048    16
22.1148    13
22.1248    17
22.1348    19
22.1448    15
22.1548    15
22.1648    17
22.1748    19
22.1848    19
22.1948    20
22.2048    22
22.2148    20
22.2248    13
22.2348    17
22.2448    21
22.2548    16
22.2648    15
22.2748    15
22.2848    14
22.2948    15
22.3048    16
22.3148    16
22.3248    13
22.3348    19
22.3448    24
22.3548    15
22.3648    10
22.3748    12
22.3848    14
22.3948    18
22.4048    17
22.4148    17
22.4248    13
22.4348    11
22.4448    12
22.4548    13
22.4648    17
22.4748    16
22.4848    19
22.4948    15
22.5048    14
22.5148    20
22.5248    17
22.5348    19
22.5448    20
22.5548    14
22.5648    19
22.5748    24
22.5848    24
22.5948    24
22.6048    19
22.6148    18
22.6248    24
22.6348    26
22.6448    22
22.6548    28
22.6648    29
22.6748    28
22.6848    25
22.6948    24
22.7048    26
22.7148    20
22.7248    29
22.7348    33
22.7448    32
22.7548    36
22.7648    40
22.7748    32
22.7848    23
22.7948    22
22.8048    24
22.8148    26
22.8248    23
22.8348    21
22.8448    25
22.8548    24
22.8648    20
22.8748    21
22.8848    16
22.8948    20
22.9048    19
22.9148    12
22.9248    13
22.9348    13
22.9448    14
22.9548    13
22.9648    10
22.9748    11
22.9848     9
22.9948     8
23.0048    11
23.0148    12
23.0248    14
23.0348    12
23.0448    13
23.0548    12
23.0648    14
23.0748    17
23.0848    18
23.0948    14
23.1048    12
23.1148    17
23.1248    12
23.1348     9
23.1448    11
23.1548     9
23.1648    12
23.1748    14
23.1848     8
23.1948    11
23.2048    14
23.2148    12
23.2248    12
23.2348    12
23.2448     9
23.2548     9
23.2648    14
23.2748    15
23.2848    14
23.2948     9
23.3048     9
23.3148    10
23.3248    12
23.3348    13
23.3448     8
23.3548     8
23.3648    10
23.3748    10
23.3848    11
23.3948     9
23.4048    10
23.4148    12
23.4248     9
23.4348    11
23.4448     8
23.4548     6
23.4648    10
23.4748     8
23.4848    10
23.4948     9
23.5048     6
23.5148     9
23.5248    11
23.5348    11
23.5448     9
23.5548    11
23.5648    12
23.5748     9
23.5848     6
23.5948     7
23.6048     7
23.6148     8
23.6248     9
23.6348     8
23.6448    10
23.6548     8
23.6648    10
23.6748     7
23.6848     9
23.6948    11
23.7048     8
23.7148     8
23.7248     8
23.7348     4
23.7448     5
23.7548     7
23.7648    10
23.7748    10
23.7848    10
23.7948     5
23.8048     8
23.8148     9
23.8248     9
23.8348    10
23.8448    11
23.8548     7
23.8648     7
23.8748     9
23.8848    14
23.8948    10
23.9048     6
23.9148     7
23.9248     9
23.9348     9
23.9448     7
23.9548     6
23.9648     7
23.9748     8
23.9848     8
23.9948    11
24.0048    10
24.0148    12
24.0248    12
24.0348    11
24.0448     7
24.0548     3
24.0648     3
24.0748     4
24.0848     6
24.0948     9
24.1048     9
24.1148     7
24.1248     6
24.1348     8
24.1448    11
24.1548     7
24.1648     9
24.1748    10
24.1848    10
24.1948     7
24.2048    10
24.2148     9
24.2248    12
24.2348     9
24.2448     6
24.2548     7
24.2648     8
24.2748     8
24.2848    10
24.2948    10
24.3048     7
24.3148    10
24.3248     7
24.3348    11
24.3448     7
24.3548    10
24.3648     6
24.3748     9
24.3848     8
24.3948     7
24.4048     9
24.4148     9
24.4248     7
24.4348     4
24.4448     2
24.4548     5
24.4648    10
24.4748     8
24.4848     5
24.4948     3
24.5048     6
24.5148     5
24.5248     7
24.5348     6
24.5448     5
24.5548     6
24.5648     7
24.5748    10
24.5848    11
24.5948    10
24.6048    10
24.6148    10
24.6248     8
24.6348     8
24.6448     5
24.6548     3
24.6648     6
24.6748    12
24.6848     9
24.6948    10
24.7048    13
24.7148    11
24.7248     9
24.7348     9
24.7448     8
24.7548     6
24.7648    13
24.7748     8
24.7848     7
24.7948    11
24.8048     5
24.8148     5
24.8248     7
24.8348     8
24.8448     9
24.8548     8
24.8648     7
24.8748     8
24.8848     7
24.8948     9
24.9048     5
24.9148     5
24.9248     5
24.9348     7
24.9448     8
24.9548     9
24.9648    11
24.9748     7
24.9848     4
24.9948     9
25.0048     9
25.0148     9
25.0248     9
25.0348     7
25.0448     5
25.0548     8
25.0648    13
25.0748     7
25.0848     6
25.0948     5
25.1048     4
25.1148     6
25.1248     5
25.1348     4
25.1448     5
25.1548     4
25.1648     8
25.1748     9
25.1848     9
25.1948    11
25.2048     7
25.2148    10
25.2248     9
25.2348     7
25.2448     8
25.2548     7
25.2648     4
25.2748     8
25.2848     9
25.2948     9
25.3048     7
25.3148     7
25.3248     7
25.3348     7
25.3448     9
25.3548     9
25.3648     6
25.3748     8
25.3848     9
25.3948    10
25.4048    10
25.4148     6
25.4248     4
25.4348     5
25.4448     8
25.4548     6
25.4648     7
25.4748     5
25.4848     8
25.4948     9
25.5048     5
25.5148     5
25.5248     7
25.5348     7
25.5448     6
25.5548     5
25.5648     7
25.5748     6
25.5848     7
25.5948     5
25.6048     4
25.6148     9
25.6248     5
25.6348     6
25.6448     3
25.6548     5
25.6648     6
25.6748     8
25.6848    10
25.6948     8
25.7048     9
25.7148     7
25.7248     6
25.7348     7
25.7448     7
25.7548     8
25.7648     8
25.7748     8
25.7848     5
25.7948     8
25.8048     4
25.8148     6
25.8248     6
25.8348     5
25.8448     6
25.8548     6
25.8648    13
25.8748     6
25.8848     4
25.8948     3
25.9048     8
25.9148     3
25.9248    11
25.9348     1
25.9448     6
25.9548     7
25.9648     6
25.9748     6
25.9848     1
25.9948     4
26.0048     9
26.0148    11
26.0248     7
26.0348     5
26.0448     5
26.0548     9
26.0648     6
26.0748     6
26.0848     4
26.0948    10
26.1048     6
26.1148     4
26.1248     3
26.1348     2
26.1448     4
26.1548     5
26.1648     8
26.1748     5
26.1848     7
26.1948     6
26.2048     3
26.2148     7
26.2248     5
26.2348     2
26.2448     3
26.2548     5
26.2648     5
26.2748     7
26.2848     7
26.2948     9
26.3048     2
26.3148     6
26.3248     5
26.3348     2
26.3448     4
26.3548     9
26.3648     8
26.3748     5
26.3848     2
26.3948     1
26.4048     2
26.4148     4
26.4248     7
26.4348     9
26.4448     9
26.4548     9
26.4648     3
26.4748     5
26.4848     6
26.4948     6
26.5048     8
26.5148     3
26.5248     5
26.5348     6
26.5448     4
26.5548     5
26.5648     7
26.5748     5
26.5848     6
26.5948     5
26.6048     2
26.6148     5
26.6248    10
26.6348     6
26.6448     6
26.6548     5
26.6648     4
26.6748     4
26.6848     3
26.6948     7
26.7048    10
26.7148     7
26.7248    10
26.7348     6
26.7448     5
26.7548     5
26.7648     4
26.7748     4
26.7848     4
26.7948     4
26.8048     3
26.8148     2
26.8248     2
26.8348     6
26.8448     6
26.8548     2
26.8648     4
26.8748     6
26.8848     5
26.8948     4
26.9048     2
26.9148     6
26.9248     6
26.9348     5
26.9448     8
26.9548     2
26.9648     2
26.9748     2
26.9848     3
26.9948     7
27.0048     5
27.0148     5
27.0248     3
27.0348     4
27.0448     4
27.0548     2
27.0648     2
27.0748     8
27.0848     9
27.0948     7
27.1048     5
27.1148     5
27.1248     4
27.1348     8
27.1448     4
27.1548     7
27.1648     5
27.1748     1
27.1848     1
27.1948     4
27.2048     6
27.2148     4
27.2248     6
27.2348     5
27.2448     8
27.2548     4
27.2648     4
27.2748     5
27.2848     6
27.2948     6
27.3048     3
27.3148     6
27.3248     3
27.3348     3
27.3448     6
27.3548     5
27.3648     2
27.3748     4
27.3848     4
27.3948     5
27.4048     2
27.4148     4
27.4248     3
27.4348     3
27.4448     3
27.4548     3
27.4648     6
27.4748     4
27.4848     4
27.4948     3
27.5048     3
27.5148     7
27.5248     1
27.5348     3
27.5448     6
27.5548     7
27.5648     4
27.5748     5
27.5848     5
27.5948     6
27.6048     4
27.6148     5
27.6248     7
27.6348     9
27.6448     0
27.6548     2
27.6648     6
27.6748     7
27.6848     6
27.6948     3
27.7048     5
27.7148     3
27.7248     3
27.7348     4
27.7448     3
27.7548     2
27.7648     2
27.7748     2
27.7848     4
27.7948     7
27.8048     4
27.8148     3
27.8248     3
27.8348     4
27.8448     6
27.8548     4
27.8648     3
27.8748     3
27.8848     2
27.8948     2
27.9048     3
27.9148     3
27.9248     7
27.9348     4
27.9448     4
27.9548     6
27.9648     5
27.9748     4
27.9848     1
27.9948     2
28.0048     3
28.0148     6
28.0248     4
28.0348     7
28.0448     4
28.0548     4
28.0648     2
28.0748     6
28.0848     5
28.0948     4
28.1048     2
28.1148     3
28.1248     7
28.1348     7
28.1448     4
28.1548     4
28.1648     4
28.1748     3
28.1848     3
28.1948     6
28.2048     5
28.2148     2
28.2248     1
28.2348     4
28.2448     3
28.2548     4
28.2648     5
28.2748     7
28.2848     5
28.2948     9
28.3048     3
28.3148     2
28.3248     5
28.3348     5
28.3448     2
28.3548     5
28.3648     3
28.3748     2
28.3848     5
28.3948     5
28.4048     3
28.4148     4
28.4248     5
28.4348     4
28.4448     5
28.4548     6
28.4648     7
28.4748     5
28.4848     2
28.4948     2
28.5048     4
28.5148     4
28.5248     3
28.5348     4
28.5448     7
28.5548     5
28.5648     4
28.5748     4
28.5848     3
28.5948     4
28.6048     6
28.6148     2
28.6248     4
28.6348     5
28.6448     3
28.6548     2
28.6648     3
28.6748     6
28.6848     4
28.6948     2
28.7048     3
28.7148     3
28.7248     3
28.7348     3
28.7448     1
28.7548     4
28.7648     7
28.7748     4
28.7848     4
28.7948     3
28.8048     3
28.8148     1
28.8248     2
28.8348     4
28.8448     2
28.8548     5
28.8648     4
28.8748     3
28.8848     2
28.8948     5
28.9048     4
28.9148     3
28.9248     6
28.9348     5
28.9448     2
28.9548     2
28.9648     2
28.9748     3
28.9848     4
28.9948     3
29.0048     4
29.0148     4
29.0248     3
29.0348     5
29.0448     3
29.0548     2
29.0648     5
29.0748     7
29.0848     2
29.0948     4
29.1048     5
29.1148     4
29.1248     5
29.1348     2
29.1448     1
29.1548     2
29.1648     2
29.1748     4
29.1848     2
29.1948     3
29.2048     5
29.2148     6
29.2248     2
29.2348     1
29.2448     2
29.2548     3
29.2648     2
29.2748     3
29.2848     2
29.2948     4
29.3048     5
29.3148     6
29.3248     5
29.3348     2
29.3448     2
29.3548     4
29.3648     2
29.3748     3
29.3848     5
29.3948     4
29.4048     1
29.4148     2
29.4248     3
29.4348     4
29.4448     5
29.4548     7
29.4648     5
29.4748     4
29.4848     3
29.4948     3
29.5048     2
29.5148     3
29.5248     0
29.5348     1
29.5448     3
29.5548     4
29.5648     4
29.5748     4
29.5848     5
29.5948     2
29.6048     1
29.6148     3
29.6248     4
29.6348     4
29.6448     2
29.6548     1
29.6648     2
29.6748     1
29.6848     2
29.6948     2
29.7048     5
29.7148     4
29.7248     3
29.7348     3
29.7448     2
29.7548     3
29.7648     1
29.7748     3
29.7848     3
29.7948     1
29.8048     4
29.8148     3
29.8248     3
29.8348     4
29.8448     3
29.8548     2
29.8648     3
29.8748     1
29.8848     3
29.8948     2
29.9048     3
29.9148     3
29.9248     2
29.9348     2
29.9448     6
29.9548     3
29.9648     1
29.9748     3
29.9848     4
29.9948     4
30.0048     4
30.0148     3
30.0248     3
30.0348     2
30.0448     2
30.0548     1
30.0648     7
30.0748     2
30.0848     3
30.0948     7
30.1048     6
30.1148     2
30.1248     2
30.1348     2
30.1448     1
30.1548     1
30.1648     3
30.1748     2
30.1848     1
30.1948     2
30.2048     2
30.2148     4
30.2248     2
30.2348     4
30.2448     2
30.2548     4
30.2648     3
30.2748     5
30.2848     0
30.2948     2
30.3048     5
30.3148     5
30.3248     1
30.3348     1
30.3448     1
30.3548     1
30.3648     1
30.3748     3
30.3848     4
30.3948     5
30.4048     2
30.4148     2
30.4248     4
30.4348     3
30.4448     1
30.4548     1
30.4648     3
30.4748     5
30.4848     4
30.4948     4
30.5048     4
30.5148     2
30.5248     1
30.5348     1
30.5448     2
30.5548     1
30.5648     2
30.5748     1
30.5848     3
30.5948     2
30.6048     3
30.6148     2
30.6248     1
30.6348     1
30.6448     1
30.6548     4
30.6648     5
30.6748     2
30.6848     1
30.6948     3
30.7048     3
30.7148     2
30.7248     1
30.7348     2
30.7448     3
30.7548     6
30.7648     2
30.7748     2
30.7848     2
30.7948     1
30.8048     4
30.8148     3
30.8248     2
30.8348     2
30.8448     5
30.8548     2
30.8648     4
30.8748     2
30.8848     5
30.8948     3
30.9048     1
30.9148     2
30.9248     3
30.9348     2
30.9448     3
30.9548     2
30.9648     3
30.9748     3
30.9848     3
30.9948     2
31.0048     4
31.0148     1
31.0248     1
31.0348     6
31.0448     4
31.0548     1
31.0648     2
31.0748     2
31.0848     4
31.0948     1
31.1048     3
31.1148     1
31.1248     3
31.1348     1
31.1448     4
31.1548     6
31.1648     2
31.1748     4
31.1848     1
31.1948     4
31.2048     5
31.2148     1
31.2248     4
31.2348     4
31.2448     3
31.2548     3
31.2648     1
31.2748     1
31.2848     1
31.2948     0
31.3048     1
31.3148     2
31.3248     2
31.3348     1
31.3448     3
31.3548     1
31.3648     3
31.3748     2
31.3848     2
31.3948     3
31.4048     1
31.4148     2
31.4248     3
31.4348     2
31.4448     0
31.4548     1
31.4648     2
31.4748     0
31.4848     2
31.4948     1
31.5048     4
31.5148     2
31.5248     2
31.5348     3
31.5448     3
31.5548     2
31.5648     2
31.5748     4
31.5848     2
31.5948     4
31.6048     2
31.6148     1
31.6248     3
31.6348     4
31.6448     1
31.6548     2
31.6648     1
31.6748     3
31.6848     3
31.6948     1
31.7048     2
31.7148     2
31.7248     0
31.7348     2
31.7448     3
31.7548     3
31.7648     4
31.7748     2
31.7848     1
31.7948     1
31.8048     1
31.8148     3
31.8248     4
31.8348     5
31.8448     1
31.8548     4
31.8648     5
31.8748     3
31.8848     1
31.8948     0
31.9048     2
31.9148     2
31.9248     1
31.9348     2
31.9448     1
31.9548     2
31.9648     4
31.9748     1
31.9848     2
31.9948     3
32.0048     2
32.0148     0
32.0248     1
32.0348     3
32.0448     2
32.0548     4
32.0648     2
32.0748     3
32.0848     4
32.0948     1
32.1048     3
32.1148     4
32.1248     1
32.1348     4
32.1448     4
32.1548     2
32.1648     1
32.1748     3
32.1848     2
32.1948     4
32.2048     3
32.2148     3
32.2248     4
32.2348     2
32.2448     2
32.2548     1
32.2648     3
32.2748     1
32.2848     2
32.2948     2
32.3048     2
32.3148     1
32.3248     2
32.3348     0
32.3448     1
32.3548     1
32.3648     1
32.3748     4
32.3848     2
32.3948     1
32.4048     1
32.4148     2
32.4248     1
32.4348     3
32.4448     1
32.4548     1
32.4648     4
32.4748     2
32.4848     0
32.4948     1
32.5048     2
32.5148     2
32.5248     2
32.5348     3
32.5448     3
32.5548     1
32.5648     3
32.5748     4
32.5848     2
32.5948     0
32.6048     3
32.6148     5
32.6248     3
32.6348     4
32.6448     5
32.6548     3
32.6648     1
32.6748     2
32.6848     3
32.6948     1
32.7048     1
32.7148     0
32.7248     2
32.7348     1
32.7448     2
32.7548     3
32.7648     2
32.7748     2
32.7848     1
32.7948     3
32.8048     2
32.8148     2
32.8248     2
32.8348     3
32.8448     2
32.8548     1
32.8648     1
32.8748     0
32.8848     2
32.8948     1
32.9048     3
32.9148     5
32.9248     1
32.9348     3
32.9448     3
32.9548     4
32.9648     3
32.9748     3
32.9848     2
32.9948     3
33.0048     1
33.0148     2
33.0248     0
33.0348     1
33.0448     2
33.0548     2
33.0648     3
33.0748     2
33.0848     2
33.0948     2
33.1048     0
33.1148     1
33.1248     2
33.1348     1
33.1448     0
33.1548     1
33.1648     4
33.1748     4
33.1848     2
33.1948     0
33.2048     1
33.2148     3
33.2248     2
33.2348     3
33.2448     1
33.2548     4
33.2648     2
33.2748     0
33.2848     1
33.2948     4
33.3048     2
33.3148     1
33.3248     4
33.3348     3
33.3448     1
33.3548     2
33.3648     3
33.3748     1
33.3848     3
33.3948     3
33.4048     2
33.4148     1
33.4248     1
33.4348     2
33.4448     0
33.4548     1
33.4648     1
33.4748     1
33.4848     1
33.4948     0
33.5048     1
33.5148     3
33.5248     2
33.5348     3
33.5448     0
33.5548     0
33.5648     1
33.5748     2
33.5848     2
33.5948     1
33.6048     2
33.6148     1
33.6248     3
33.6348     3
33.6448     1
33.6548     2
33.6648     0
33.6748     2
33.6848     1
33.6948     1
33.7048     1
33.7148     2
33.7248     1
33.7348     1
33.7448     4
33.7548     1
33.7648     1
33.7748     2
33.7848     0
33.7948     2
33.8048     3
33.8148     2
33.8248     1
33.8348     3
33.8448     3
33.8548     5
33.8648     0
33.8748     2
33.8848     2
33.8948     2
33.9048     1
33.9148     2
33.9248     0
33.9348     2
33.9448     1
33.9548     5
33.9648     1
33.9748     1
33.9848     1
33.9948     0
34.0048     1
34.0148     2
34.0248     0
34.0348     0
34.0448     2
34.0548     0
34.0648     2
34.0748     1
34.0848     2
34.0948     3
34.1048     1
34.1148     2
34.1248     1
34.1348     2
34.1448     1
34.1548     2
34.1648     0
34.1748     1
34.1848     3
34.1948     2
34.2048     3
34.2148     2
34.2248     0
34.2348     2
34.2448     2
34.2548     1
34.2648     2
34.2748     0
34.2848     1
34.2948     2
34.3048     1
34.3148     3
34.3248     2
34.3348     1
34.3448     2
34.3548     2
34.3648     0
34.3748     0
34.3848     1
34.3948     1
34.4048     2
34.4148     0
34.4248     2
34.4348     0
34.4448     2
34.4548     2
34.4648     3
34.4748     1
34.4848     2
34.4948     4
34.5048     1
34.5148     1
34.5248     1
34.5348     3
34.5448     2
34.5548     3
34.5648     3
34.5748     1
34.5848     1
34.5948     1
34.6048     2
34.6148     3
34.6248     2
34.6348     2
34.6448     2
34.6548     1
34.6648     2
34.6748     3
34.6848     3
34.6948     2
34.7048     3
34.7148     2
34.7248     1
34.7348     3
34.7448     1
34.7548     3
34.7648     2
34.7748     1
34.7848     1
34.7948     2
34.8048     0
34.8148     0
34.8248     0
34.8348     0
34.8448     2
34.8548     1
34.8648     3
34.8748     3
34.8848     2
34.8948     3
34.9048     1
34.9148     2
34.9248     3
34.9348     3
34.9448     3
34.9548     2
34.9648     2
34.9748     1
34.9848     2
34.9948     2
35.0048     1
35.0148     2
35.0248     2
35.0348     0
35.0448     2
35.0548     2
35.0648     1
35.0748     1
35.0848     0
35.0948     0
35.1048     0
35.1148     1
35.1248     3
35.1348     3
35.1448     2
35.1548     1
35.1648     3
35.1748     1
35.1848     1
35.1948     0
35.2048     0
35.2148     1
35.2248     1
35.2348     2
35.2448     1
35.2548     3
35.2648     1
35.2748     2
35.2848     3
35.2948     2
35.3048     1
35.3148     1
35.3248     1
35.3348     2
35.3448     1
35.3548     1
35.3648     3
35.3748     1
35.3848     1
35.3948     1
35.4048     2
35.4148     2
35.4248     1
35.4348     0
35.4448     0
35.4548     2
35.4648     2
35.4748     1
35.4848     1
35.4948     3
35.5048     1
35.5148     2
35.5248     2
35.5348     5
35.5448     2
35.5548     2
35.5648     1
35.5748     3
35.5848     1
35.5948     1
35.6048     2
35.6148     0
35.6248     1
35.6348     0
35.6448     1
35.6548     2
35.6648     1
35.6748     1
35.6848     1
35.6948     1
35.7048     1
35.7148     1
35.7248     1
35.7348     2
35.7448     1
35.7548     1
35.7648     2
35.7748     2
35.7848     0
35.7948     1
35.8048     1
35.8148     3
35.8248     1
35.8348     3
35.8448     0
35.8548     0
35.8648     0
35.8748     2
35.8848     0
35.8948     0
35.9048     1
35.9148     0
35.9248     1
35.9348     3
35.9448     1
35.9548     1
35.9648     0
35.9748     2
35.9848     0
35.9948     0
36.0048     1
36.0148     1
36.0248     0
36.0348     0
36.0448     2
36.0548     0
36.0648     0
36.0748     0
36.0848     2
36.0948     2
36.1048     3
36.1148     1
36.1248     1
36.1348     1
36.1448     3
36.1548     1
36.1648     2
36.1748     3
36.1848     1
36.1948     1
36.2048     0
36.2148     0
36.2248     0
36.2348     0
36.2448     0
36.2548     1
36.2648     1
36.2748     1
36.2848     2
36.2948     1
36.3048     0
36.3148     2
36.3248     1
36.3348     3
36.3448     3
36.3548     3
36.3648     0
36.3748     0
36.3848     0
36.3948     2
36.4048     0
36.4148     1
36.4248     2
36.4348     0
36.4448     0
36.4548     0
36.4648     1
36.4748     0
36.4848     1
36.4948     2
36.5048     0
36.5148     2
36.5248     3
36.5348     1
36.5448     2
36.5548     2
36.5648     0
36.5748     1
36.5848     0
36.5948     2
36.6048     1
36.6148     2
36.6248     3
36.6348     0
36.6448     1
36.6548     2
36.6648     1
36.6748     0
36.6848     1
36.6948     0
36.7048     1
36.7148     1
36.7248     2
36.7348     2
36.7448     0
36.7548     0
36.7648     1
36.7748     1
36.7848     0
36.7948     0
36.8048     1
36.8148     0
36.8248     1
36.8348     2
36.8448     2
36.8548     0
36.8648     0
36.8748     0
36.8848     1
36.8948     2
36.9048     0
36.9148     1
36.9248     1
36.9348     1
36.9448     0
36.9548     1
36.9648     0
36.9748     0
36.9848     1
36.9948     2
37.0048     0
37.0148     1
37.0248     1
37.0348     0
37.0448     2
37.0548     0
37.0648     0
37.0748     0
37.0848     0
37.0948     1
37.1048     1
37.1148     1
37.1248     1
37.1348     0
37.1448     0
37.1548     0
37.1648     2
37.1748     1
37.1848     2
37.1948     1
37.2048     0
37.2148     0
37.2248     0
37.2348     1
37.2448     0
37.2548     0
37.2648     2
37.2748     2
37.2848     2
37.2948     0
37.3048     2
37.3148     0
37.3248     2
37.3348     1
37.3448     2
37.3548     0
37.3648     1
37.3748     2
37.3848     0
37.3948     2
37.4048     0
37.4148     0
37.4248     0
37.4348     0
37.4448     0
37.4548     0
37.4648     0
37.4748     2
37.4848     0
37.4948     1
37.5048     0
37.5148     3
37.5248     2
37.5348     0
37.5448     0
37.5548     0
37.5648     0
37.5748     0
37.5848     2
37.5948     1
37.6048     1
37.6148     0
37.6248     1
37.6348     2
37.6448     0
37.6548     1
37.6648     0
37.6748     1
37.6848     2
37.6948     1
37.7048     0
37.7148     0
37.7248     1
37.7348     0
37.7448     0
37.7548     2
37.7648     0
37.7748     0
37.7848     0
37.7948     0
37.8048     1
37.8148     1
37.8248     0
37.8348     0
37.8448     0
37.8548     0
37.8648     1
37.8748     2
37.8848     0
37.8948     1
37.9048     1
37.9148     2
37.9248     2
37.9348     3
37.9448     1
37.9548     1
37.9648     0
37.9748     1
37.9848     1
37.9948     0
38.0048     1
38.0148     1
38.0248     1
38.0348     2
38.0448     0
38.0548     0
38.0648     0
38.0748     0
38.0848     0
38.0948     1
38.1048     0
38.1148     2
38.1248     1
38.1348     1
38.1448     2
38.1548     0
38.1648     1
38.1748     3
38.1848     2
38.1948     3
38.2048     1
38.2148     0
38.2248     0
38.2348     0
38.2448     2
38.2548     1
38.2648     2
38.2748     0
38.2848     0
38.2948     0
38.3048     0
38.3148     0
38.3248     0
38.3348     1
38.3448     0
38.3548     0
38.3648     1
38.3748     0
38.3848     0
38.3948     2
38.4048     1
38.4148     2
38.4248     0
38.4348     0
38.4448     1
38.4548     0
38.4648     0
38.4748     1
38.4848     0
38.4948     0
38.5048     1
38.5148     0
38.5248     1
38.5348     0
38.5448     2
38.5548     0
38.5648     0
38.5748     2
38.5848     1
38.5948     0
38.6048     2
38.6148     0
38.6248     0
38.6348     1
38.6448     0
38.6548     2
38.6648     2
38.6748     2
38.6848     2
38.6948     2
38.7048     1
38.7148     0
38.7248     0
38.7348     2
38.7448     1
38.7548     1
38.7648     1
38.7748     1
38.7848     1
38.7948     1
38.8048     1
38.8148     0
38.8248     1
38.8348     2
38.8448     1
38.8548     0
38.8648     0
38.8748     0
38.8848     1
38.8948     0
38.9048     1
38.9148     1
38.9248     1
38.9348     1
38.9448     0
38.9548     1
38.9648     1
38.9748     1
38.9848     0
38.9948     0
39.0048     0
39.0148     1
39.0248     3
39.0348     3
39.0448     1
39.0548     0
39.0648     0
39.0748     1
39.0848     1
39.0948     0
39.1048     0
39.1148     0
39.1248     0
39.1348     1
39.1448     0
39.1548     1
39.1648     0
39.1748     0
39.1848     0
39.1948     1
39.2048     0
39.2148     2
39.2248     0
39.2348     1
39.2448     0
39.2548     1
39.2648     0
39.2748     0
39.2848     0
39.2948     2
39.3048     0
39.3148     1
39.3248     5
39.3348     1
39.3448     0
39.3548     2
39.3648     1
39.3748     0
39.3848     0
39.3948     0
39.4048     0
39.4148     1
39.4248     0
39.4348     0
39.4448     0
39.4548     0
39.4648     1
39.4748     0
39.4848     1
39.4948     0
39.5048     0
39.5148     0
39.5248     0
39.5348     0
39.5448     0
39.5548     1
39.5648     0
39.5748     1
39.5848     0
39.5948     1
39.6048     0
39.6148     0
39.6248     0
39.6348     1
39.6448     1
39.6548     2
39.6648     1
39.6748     1
39.6848     0
39.6948     1
39.7048     0
39.7148     0
39.7248     0
39.7348     0
39.7448     0
39.7548     3
39.7648     1
39.7748     0
39.7848     0
39.7948     0
39.8048     0
39.8148     0
39.8248     1
39.8348     0
39.8448     0
39.8548     1
39.8648     0
39.8748     1
39.8848     1
39.8948     0
39.9048     1
39.9148     1
39.9248     1
39.9348     1
39.9448     0
39.9548     1
39.9648     1
39.9748     2
39.9848     3
39.9948     0
