-0.9552     0
-0.9452     0
-0.9352     0
-0.9252     0
-0.9152     0
-0.9052     0
-0.8952     0
-0.8852     0
-0.8752     0
-0.8652     0
-0.8552     0
-0.8452     0
-0.8352     0
-0.8252     0
-0.8152     0
-0.8052     0
-0.7952     0
-0.7852     0
-0.7752     0
-0.7652     0
-0.7552     0
-0.7452     0
-0.7352     0
-0.7252     0
-0.7152     0
-0.7052     0
-0.6952     0
-0.6852     0
-0.6752     0
-0.6652     0
-0.6552     0
-0.6452     0
-0.6352     0
-0.6252     0
-0.6152     0
-0.6052     0
-0.5952     0
-0.5852     0
-0.5752     0
-0.5652     0
-0.5552     0
-0.5452     0
-0.5352     0
-0.5252     0
-0.5152     0
-0.5052     0
-0.4952     0
-0.4852     0
-0.4752     0
-0.4652     0
-0.4552     2
-0.4452     0
-0.4352     1
-0.4252     0
-0.4152     0
-0.4052     0
-0.3952     1
-0.3852     1
-0.3752     3
-0.3652     1
-0.3552     6
-0.3452     2
-0.3352     0
-0.3252     3
-0.3152     4
-0.3052     4
-0.2952     4
-0.2852     5
-0.2752     3
-0.2652     7
-0.2552     1
-0.2452     5
-0.2352     1
-0.2252     5
-0.2152     1
-0.2052     6
-0.1952    21
-0.1852    30
-0.1752    88
-0.1652   143
-0.1552   394
-0.1452   694
-0.1352  1291
-0.1252  2419
-0.1152  4044
-0.1052  6679
-0.0952 10873
-0.0852 16146
-0.0752 23460
-0.0652 32336
-0.0552 42178
-0.0452 53040
-0.0352 63672
-0.0252 73578
-0.0152 80204
-0.0052 83986
 0.0048 84400
 0.0148 80372
 0.0248 74114
 0.0348 64025
 0.0448 53586
 0.0548 42770
 0.0648 32362
 0.0748 23619
 0.0848 16345
 0.0948 10616
 0.1048  6977
 0.1148  4109
 0.1248  2399
 0.1348  1329
 0.1448   699
 0.1548   317
 0.1648   185
 0.1748    86
 0.1848    38
 0.1948     6
 0.2048    14
 0.2148     2
 0.2248     5
 0.2348     2
 0.2448     0
 0.2548     0
 0.2648     0
 0.2748     0
 0.2848    -5
 0.2948    -4
 0.3048    -4
 0.3148    -4
 0.3248    -4
 0.3348    -3
 0.3448    -2
 0.3548    -1
 0.3648    -1
 0.3748    -2
 0.3848    -1
 0.3948    -1
 0.4048     1
 0.4148   121
 0.4248   116
 0.4348    82
 0.4448   119
 0.4548   117
 0.4648   109
 0.4748    87
 0.4848   110
 0.4948   100
 0.5048   108
 0.5148    92
 0.5248    84
 0.5348   107
 0.5448    99
 0.5548   101
 0.5648   100
 0.5748   120
 0.5848   113
 0.5948    94
 0.6048   130
 0.6148    99
 0.6248   108
 0.6348    81
 0.6448    83
 0.6548    97
 0.6648    87
 0.6748   108
 0.6848    89
 0.6948    87
 0.7048    72
 0.7148    99
 0.7248    89
 0.7348    76
 0.7448    85
 0.7548    86
 0.7648    77
 0.7748    76
 0.7848    83
 0.7948    71
 0.8048    74
 0.8148    66
 0.8248    82
 0.8348    62
 0.8448    61
 0.8548    68
 0.8648    67
 0.8748    88
 0.8848    56
 0.8948    66
 0.9048    67
 0.9148    63
 0.9248    66
 0.9348    62
 0.9448    77
 0.9548    71
 0.9648    75
 0.9748    68
 0.9848    61
 0.9948    53
 1.0048    55
 1.0148    70
 1.0248    62
 1.0348    57
 1.0448    55
 1.0548    50
 1.0648    70
 1.0748    64
 1.0848    58
 1.0948    61
 1.1048    42
 1.1148    52
 1.1248    60
 1.1348    47
 1.1448    48
 1.1548    40
 1.1648    40
 1.1748    42
 1.1848    56
 1.1948    48
 1.2048    36
 1.2148    45
 1.2248    40
 1.2348    39
 1.2448    43
 1.2548    47
 1.2648    45
 1.2748    39
 1.2848    41
 1.2948    35
 1.3048    37
 1.3148    40
 1.3248    42
 1.3348    49
 1.3448    46
 1.3548    28
 1.3648    24
 1.3748    27
 1.3848    33
 1.3948    53
 1.4048    60
 1.4148    54
 1.4248    53
 1.4348    48
 1.4448    61
 1.4548    48
 1.4648    52
 1.4748    75
 1.4848    71
 1.4948    51
 1.5048    49
 1.5148    35
 1.5248    50
 1.5348    53
 1.5448    39
 1.5548    53
 1.5648    52
 1.5748    36
 1.5848    44
 1.5948    43
 1.6048    44
 1.6148    38
 1.6248    39
 1.6348    47
 1.6448    45
 1.6548    55
 1.6648    51
 1.6748    50
 1.6848    50
 1.6948    56
 1.7048    71
 1.7148    59
 1.7248    50
 1.7348    54
 1.7448    66
 1.7548    57
 1.7648    58
 1.7748    52
 1.7848    47
 1.7948    56
 1.8048    63
 1.8148    52
 1.8248    48
 1.8348    54
 1.8448    45
 1.8548    52
 1.8648    60
 1.8748    39
 1.8848    49
 1.8948    67
 1.9048    82
 1.9148    93
 1.9248   105
 1.9348   124
 1.9448   149
 1.9548   182
 1.9648   213
 1.9748   256
 1.9848   276
 1.9948   263
 2.0048   288
 2.0148   299
 2.0248   286
 2.0348   255
 2.0448   257
 2.0548   238
 2.0648   203
 2.0748   181
 2.0848   153
 2.0948   136
 2.1048   120
 2.1148    93
 2.1248    93
 2.1348    78
 2.1448    72
 2.1548    70
 2.1648    70
 2.1748    67
 2.1848    48
 2.1948    54
 2.2048    55
 2.2148    58
 2.2248    43
 2.2348    45
 2.2448    45
 2.2548    52
 2.2648    49
 2.2748    55
 2.2848    51
 2.2948    52
 2.3048    52
 2.3148    58
 2.3248    68
 2.3348    82
 2.3448    86
 2.3548   103
 2.3648   120
 2.3748   136
 2.3848   148
 2.3948   166
 2.4048   200
 2.4148   232
 2.4248   274
 2.4348   315
 2.4448   349
 2.4548   377
 2.4648   364
 2.4748   360
 2.4848   388
 2.4948   396
 2.5048   389
 2.5148   366
 2.5248   333
 2.5348   318
 2.5448   307
 2.5548   266
 2.5648   255
 2.5748   229
 2.5848   187
 2.5948   161
 2.6048   149
 2.6148   147
 2.6248   140
 2.6348   124
 2.6448   117
 2.6548   126
 2.6648   121
 2.6748   115
 2.6848   129
 2.6948   133
 2.7048   126
 2.7148   123
 2.7248   125
 2.7348   132
 2.7448   136
 2.7548   161
 2.7648   184
 2.7748   215
 2.7848   266
 2.7948   300
 2.8048   314
 2.8148   340
 2.8248   394
 2.8348   427
 2.8448   449
 2.8548   486
 2.8648   524
 2.8748   567
 2.8848   589
 2.8948   609
 2.9048   612
 2.9148   624
 2.9248   654
 2.9348   655
 2.9448   607
 2.9548   595
 2.9648   632
 2.9748   628
 2.9848   621
 2.9948   654
 3.0048   722
 3.0148   787
 3.0248   987
 3.0348  1227
 3.0448  1526
 3.0548  1981
 3.0648  2507
 3.0748  3326
 3.0848  4177
 3.0948  5223
 3.1048  6323
 3.1148  7478
 3.1248  8528
 3.1348  9572
 3.1448 10479
 3.1548 11113
 3.1648 11625
 3.1748 11869
 3.1848 11928
 3.1948 11633
 3.2048 11070
 3.2148 10386
 3.2248  9862
 3.2348  9347
 3.2448  8772
 3.2548  8378
 3.2648  8107
 3.2748  8105
 3.2848  8363
 3.2948  8549
 3.3048  8735
 3.3148  8997
 3.3248  9107
 3.3348  9031
 3.3448  8939
 3.3548  8796
 3.3648  8213
 3.3748  7398
 3.3848  6663
 3.3948  5957
 3.4048  5181
 3.4148  4426
 3.4248  3696
 3.4348  3097
 3.4448  2567
 3.4548  2152
 3.4648  1889
 3.4748  1738
 3.4848  1607
 3.4948  1518
 3.5048  1578
 3.5148  1579
 3.5248  1567
 3.5348  1624
 3.5448  1705
 3.5548  1754
 3.5648  1753
 3.5748  1751
 3.5848  1671
 3.5948  1573
 3.6048  1515
 3.6148  1479
 3.6248  1402
 3.6348  1285
 3.6448  1165
 3.6548  1057
 3.6648  1037
 3.6748  1002
 3.6848   914
 3.6948   846
 3.7048   780
 3.7148   711
 3.7248   642
 3.7348   602
 3.7448   567
 3.7548   504
 3.7648   449
 3.7748   377
 3.7848   322
 3.7948   305
 3.8048   252
 3.8148   203
 3.8248   174
 3.8348   151
 3.8448   139
 3.8548   108
 3.8648   110
 3.8748   131
 3.8848   134
 3.8948   126
 3.9048   129
 3.9148   127
 3.9248   143
 3.9348   166
 3.9448   164
 3.9548   167
 3.9648   171
 3.9748   168
 3.9848   181
 3.9948   189
 4.0048   184
 4.0148   197
 4.0248   178
 4.0348   171
 4.0448   180
 4.0548   175
 4.0648   161
 4.0748   151
 4.0848   146
 4.0948   160
 4.1048   177
 4.1148   206
 4.1248   229
 4.1348   254
 4.1448   276
 4.1548   298
 4.1648   332
 4.1748   373
 4.1848   410
 4.1948   433
 4.2048   448
 4.2148   473
 4.2248   479
 4.2348   467
 4.2448   493
 4.2548   480
 4.2648   451
 4.2748   439
 4.2848   392
 4.2948   380
 4.3048   384
 4.3148   337
 4.3248   324
 4.3348   358
 4.3448   376
 4.3548   357
 4.3648   351
 4.3748   331
 4.3848   349
 4.3948   341
 4.4048   315
 4.4148   342
 4.4248   348
 4.4348   340
 4.4448   281
 4.4548   276
 4.4648   271
 4.4748   252
 4.4848   229
 4.4948   221
 4.5048   200
 4.5148   176
 4.5248   160
 4.5348   161
 4.5448   139
 4.5548   129
 4.5648   119
 4.5748   113
 4.5848   104
 4.5948    98
 4.6048    86
 4.6148    85
 4.6248    77
 4.6348    78
 4.6448    95
 4.6548    84
 4.6648    82
 4.6748    90
 4.6848    86
 4.6948    99
 4.7048    83
 4.7148    92
 4.7248   107
 4.7348    95
 4.7448   110
 4.7548   110
 4.7648    99
 4.7748   100
 4.7848    93
 4.7948   101
 4.8048   104
 4.8148    95
 4.8248   104
 4.8348    86
 4.8448    88
 4.8548    90
 4.8648    88
 4.8748    89
 4.8848    73
 4.8948    76
 4.9048    82
 4.9148    72
 4.9248    70
 4.9348    79
 4.9448    90
 4.9548    83
 4.9648    76
 4.9748    91
 4.9848    93
 4.9948    92
 5.0048    93
 5.0148   101
 5.0248   111
 5.0348   123
 5.0448   124
 5.0548   114
 5.0648   127
 5.0748   130
 5.0848   140
 5.0948   135
 5.1048   133
 5.1148   128
 5.1248   113
 5.1348   118
 5.1448   106
 5.1548    94
 5.1648    99
 5.1748    99
 5.1848    96
 5.1948    88
 5.2048    75
 5.2148    88
 5.2248    94
 5.2348    89
 5.2448    87
 5.2548    84
 5.2648    98
 5.2748   108
 5.2848   110
 5.2948   103
 5.3048    98
 5.3148   114
 5.3248   129
 5.3348   130
 5.3448   140
 5.3548   155
 5.3648   159
 5.3748   166
 5.3848   177
 5.3948   166
 5.4048   194
 5.4148   201
 5.4248   195
 5.4348   208
 5.4448   202
 5.4548   223
 5.4648   231
 5.4748   237
 5.4848   244
 5.4948   276
 5.5048   276
 5.5148   265
 5.5248   266
 5.5348   274
 5.5448   306
 5.5548   294
 5.5648   260
 5.5748   257
 5.5848   265
 5.5948   286
 5.6048   279
 5.6148   276
 5.6248   272
 5.6348   266
 5.6448   268
 5.6548   240
 5.6648   234
 5.6748   241
 5.6848   230
 5.6948   215
 5.7048   203
 5.7148   204
 5.7248   199
 5.7348   183
 5.7448   162
 5.7548   166
 5.7648   158
 5.7748   155
 5.7848   147
 5.7948   149
 5.8048   145
 5.8148   156
 5.8248   162
 5.8348   173
 5.8448   182
 5.8548   212
 5.8648   213
 5.8748   222
 5.8848   252
 5.8948   233
 5.9048   256
 5.9148   275
 5.9248   293
 5.9348   309
 5.9448   325
 5.9548   339
 5.9648   375
 5.9748   414
 5.9848   433
 5.9948   430
 6.0048   434
 6.0148   464
 6.0248   481
 6.0348   461
 6.0448   477
 6.0548   510
 6.0648   534
 6.0748   534
 6.0848   508
 6.0948   499
 6.1048   505
 6.1148   536
 6.1248   539
 6.1348   501
 6.1448   506
 6.1548   503
 6.1648   502
 6.1748   482
 6.1848   471
 6.1948   498
 6.2048   514
 6.2148   541
 6.2248   577
 6.2348   629
 6.2448   727
 6.2548   814
 6.2648   934
 6.2748  1135
 6.2848  1358
 6.2948  1597
 6.3048  1831
 6.3148  2010
 6.3248  2253
 6.3348  2617
 6.3448  3003
 6.3548  3176
 6.3648  3396
 6.3748  3628
 6.3848  3714
 6.3948  3771
 6.4048  3692
 6.4148  3625
 6.4248  3438
 6.4348  3224
 6.4448  3045
 6.4548  2704
 6.4648  2391
 6.4748  2100
 6.4848  1858
 6.4948  1550
 6.5048  1263
 6.5148  1055
 6.5248   868
 6.5348   702
 6.5448   543
 6.5548   465
 6.5648   385
 6.5748   332
 6.5848   292
 6.5948   265
 6.6048   237
 6.6148   218
 6.6248   209
 6.6348   213
 6.6448   206
 6.6548   192
 6.6648   191
 6.6748   204
 6.6848   206
 6.6948   213
 6.7048   221
 6.7148   226
 6.7248   215
 6.7348   221
 6.7448   255
 6.7548   256
 6.7648   260
 6.7748   262
 6.7848   269
 6.7948   268
 6.8048   265
 6.8148   287
 6.8248   305
 6.8348   319
 6.8448   333
 6.8548   347
 6.8648   360
 6.8748   381
 6.8848   409
 6.8948   429
 6.9048   460
 6.9148   485
 6.9248   509
 6.9348   548
 6.9448   571
 6.9548   592
 6.9648   675
 6.9748   752
 6.9848   807
 6.9948   811
 7.0048   838
 7.0148   873
 7.0248   916
 7.0348   943
 7.0448   946
 7.0548   938
 7.0648   918
 7.0748   887
 7.0848   864
 7.0948   827
 7.1048   766
 7.1148   725
 7.1248   692
 7.1348   646
 7.1448   581
 7.1548   541
 7.1648   515
 7.1748   498
 7.1848   460
 7.1948   451
 7.2048   466
 7.2148   465
 7.2248   486
 7.2348   487
 7.2448   495
 7.2548   523
 7.2648   537
 7.2748   587
 7.2848   620
 7.2948   640
 7.3048   690
 7.3148   709
 7.3248   765
 7.3348   827
 7.3448   856
 7.3548   862
 7.3648   911
 7.3748   921
 7.3848   951
 7.3948  1015
 7.4048  1047
 7.4148  1047
 7.4248  1054
 7.4348  1059
 7.4448  1040
 7.4548  1071
 7.4648  1079
 7.4748  1032
 7.4848  1031
 7.4948  1061
 7.5048  1069
 7.5148  1035
 7.5248   983
 7.5348   950
 7.5448   914
 7.5548   896
 7.5648   840
 7.5748   827
 7.5848   837
 7.5948   761
 7.6048   705
 7.6148   698
 7.6248   661
 7.6348   610
 7.6448   599
 7.6548   587
 7.6648   584
 7.6748   531
 7.6848   497
 7.6948   488
 7.7048   455
 7.7148   422
 7.7248   415
 7.7348   420
 7.7448   428
 7.7548   449
 7.7648   484
 7.7748   518
 7.7848   552
 7.7948   606
 7.8048   703
 7.8148   903
 7.8248  1139
 7.8348  1411
 7.8448  1844
 7.8548  2409
 7.8648  3101
 7.8748  3983
 7.8848  5090
 7.8948  6384
 7.9048  7939
 7.9148  9755
 7.9248 11863
 7.9348 14100
 7.9448 16344
 7.9548 18804
 7.9648 21633
 7.9748 24218
 7.9848 26619
 7.9948 28877
 8.0048 30628
 8.0148 32134
 8.0248 33113
 8.0348 33531
 8.0448 33576
 8.0548 32944
 8.0648 31530
 8.0748 29676
 8.0848 27401
 8.0948 25171
 8.1048 22848
 8.1148 20257
 8.1248 17701
 8.1348 14965
 8.1448 12471
 8.1548 10495
 8.1648  8761
 8.1748  7000
 8.1848  5601
 8.1948  4524
 8.2048  3621
 8.2148  2835
 8.2248  2182
 8.2348  1756
 8.2448  1422
 8.2548  1184
 8.2648  1010
 8.2748   920
 8.2848   805
 8.2948   739
 8.3048   742
 8.3148   712
 8.3248   681
 8.3348   658
 8.3448   650
 8.3548   659
 8.3648   657
 8.3748   636
 8.3848   629
 8.3948   641
 8.4048   635
 8.4148   625
 8.4248   647
 8.4348   639
 8.4448   617
 8.4548   610
 8.4648   611
 8.4748   611
 8.4848   628
 8.4948   618
 8.5048   641
 8.5148   641
 8.5248   607
 8.5348   629
 8.5448   631
 8.5548   660
 8.5648   662
 8.5748   657
 8.5848   651
 8.5948   641
 8.6048   675
 8.6148   713
 8.6248   754
 8.6348   769
 8.6448   822
 8.6548   866
 8.6648   877
 8.6748   920
 8.6848   970
 8.6948  1042
 8.7048  1161
 8.7148  1280
 8.7248  1350
 8.7348  1498
 8.7448  1742
 8.7548  1931
 8.7648  2150
 8.7748  2454
 8.7848  2748
 8.7948  3063
 8.8048  3383
 8.8148  3792
 8.8248  4279
 8.8348  4647
 8.8448  4968
 8.8548  5332
 8.8648  5578
 8.8748  5727
 8.8848  5932
 8.8948  6050
 8.9048  5999
 8.9148  5855
 8.9248  5688
 8.9348  5490
 8.9448  5237
 8.9548  4901
 8.9648  4408
 8.9748  3982
 8.9848  3635
 8.9948  3218
 9.0048  2829
 9.0148  2459
 9.0248  2148
 9.0348  1855
 9.0448  1644
 9.0548  1434
 9.0648  1212
 9.0748  1069
 9.0848   965
 9.0948   886
 9.1048   779
 9.1148   725
 9.1248   689
 9.1348   641
 9.1448   645
 9.1548   631
 9.1648   578
 9.1748   591
 9.1848   622
 9.1948   585
 9.2048   571
 9.2148   582
 9.2248   601
 9.2348   604
 9.2448   619
 9.2548   637
 9.2648   633
 9.2748   623
 9.2848   625
 9.2948   626
 9.3048   615
 9.3148   654
 9.3248   663
 9.3348   672
 9.3448   704
 9.3548   695
 9.3648   690
 9.3748   718
 9.3848   708
 9.3948   670
 9.4048   689
 9.4148   724
 9.4248   745
 9.4348   753
 9.4448   731
 9.4548   730
 9.4648   761
 9.4748   731
 9.4848   708
 9.4948   745
 9.5048   756
 9.5148   751
 9.5248   737
 9.5348   719
 9.5448   714
 9.5548   695
 9.5648   667
 9.5748   678
 9.5848   699
 9.5948   686
 9.6048   670
 9.6148   655
 9.6248   646
 9.6348   631
 9.6448   624
 9.6548   645
 9.6648   661
 9.6748   643
 9.6848   622
 9.6948   606
 9.7048   613
 9.7148   620
 9.7248   594
 9.7348   582
 9.7448   591
 9.7548   597
 9.7648   594
 9.7748   560
 9.7848   536
 9.7948   533
 9.8048   526
 9.8148   558
 9.8248   567
 9.8348   544
 9.8448   541
 9.8548   544
 9.8648   542
 9.8748   546
 9.8848   546
 9.8948   522
 9.9048   522
 9.9148   543
 9.9248   568
 9.9348   580
 9.9448   562
 9.9548   580
 9.9648   605
 9.9748   579
 9.9848   583
 9.9948   594
10.0048   592
10.0148   604
10.0248   616
10.0348   625
10.0448   603
10.0548   620
10.0648   651
10.0748   645
10.0848   657
10.0948   686
10.1048   671
10.1148   658
10.1248   663
10.1348   660
10.1448   682
10.1548   710
10.1648   690
10.1748   674
10.1848   691
10.1948   714
10.2048   703
10.2148   687
10.2248   695
10.2348   713
10.2448   707
10.2548   701
10.2648   714
10.2748   718
10.2848   683
10.2948   668
10.3048   676
10.3148   660
10.3248   649
10.3348   656
10.3448   654
10.3548   640
10.3648   628
10.3748   623
10.3848   657
10.3948   659
10.4048   646
10.4148   663
10.4248   689
10.4348   698
10.4448   670
10.4548   669
10.4648   682
10.4748   713
10.4848   744
10.4948   744
10.5048   739
10.5148   727
10.5248   709
10.5348   727
10.5448   729
10.5548   715
10.5648   695
10.5748   683
10.5848   661
10.5948   632
10.6048   631
10.6148   619
10.6248   596
10.6348   596
10.6448   582
10.6548   582
10.6648   585
10.6748   568
10.6848   558
10.6948   574
10.7048   586
10.7148   578
10.7248   558
10.7348   582
10.7448   586
10.7548   595
10.7648   596
10.7748   612
10.7848   646
10.7948   633
10.8048   617
10.8148   659
10.8248   664
10.8348   631
10.8448   625
10.8548   636
10.8648   622
10.8748   607
10.8848   619
10.8948   579
10.9048   588
10.9148   621
10.9248   596
10.9348   557
10.9448   548
10.9548   576
10.9648   551
10.9748   542
10.9848   519
10.9948   528
11.0048   536
11.0148   516
11.0248   502
11.0348   514
11.0448   538
11.0548   522
11.0648   517
11.0748   508
11.0848   505
11.0948   493
11.1048   489
11.1148   504
11.1248   498
11.1348   494
11.1448   520
11.1548   516
11.1648   513
11.1748   516
11.1848   513
11.1948   499
11.2048   513
11.2148   520
11.2248   504
11.2348   544
11.2448   539
11.2548   502
11.2648   491
11.2748   505
11.2848   519
11.2948   481
11.3048   506
11.3148   528
11.3248   570
11.3348   583
11.3448   571
11.3548   618
11.3648   595
11.3748   607
11.3848   676
11.3948   706
11.4048   746
11.4148   797
11.4248   846
11.4348   938
11.4448  1005
11.4548  1089
11.4648  1190
11.4748  1326
11.4848  1472
11.4948  1618
11.5048  1791
11.5148  1930
11.5248  2114
11.5348  2282
11.5448  2427
11.5548  2574
11.5648  2665
11.5748  2717
11.5848  2858
11.5948  2922
11.6048  2941
11.6148  2998
11.6248  2946
11.6348  2836
11.6448  2806
11.6548  2706
11.6648  2580
11.6748  2467
11.6848  2304
11.6948  2155
11.7048  2035
11.7148  1879
11.7248  1720
11.7348  1611
11.7448  1420
11.7548  1255
11.7648  1168
11.7748  1103
11.7848   990
11.7948   889
11.8048   819
11.8148   772
11.8248   771
11.8348   706
11.8448   675
11.8548   620
11.8648   620
11.8748   620
11.8848   599
11.8948   606
11.9048   576
11.9148   584
11.9248   608
11.9348   579
11.9448   592
11.9548   573
11.9648   539
11.9748   576
11.9848   593
11.9948   559
12.0048   547
12.0148   598
12.0248   568
12.0348   550
12.0448   587
12.0548   569
12.0648   563
12.0748   550
12.0848   539
12.0948   576
12.1048   579
12.1148   542
12.1248   515
12.1348   531
12.1448   538
12.1548   550
12.1648   558
12.1748   550
12.1848   554
12.1948   560
12.2048   553
12.2148   547
12.2248   564
12.2348   567
12.2448   557
12.2548   537
12.2648   540
12.2748   519
12.2848   531
12.2948   522
12.3048   518
12.3148   507
12.3248   488
12.3348   530
12.3448   513
12.3548   525
12.3648   508
12.3748   513
12.3848   533
12.3948   537
12.4048   513
12.4148   546
12.4248   532
12.4348   498
12.4448   489
12.4548   501
12.4648   484
12.4748   481
12.4848   520
12.4948   505
12.5048   499
12.5148   532
12.5248   507
12.5348   503
12.5448   523
12.5548   506
12.5648   492
12.5748   522
12.5848   495
12.5948   495
12.6048   511
12.6148   546
12.6248   557
12.6348   518
12.6448   505
12.6548   503
12.6648   526
12.6748   554
12.6848   489
12.6948   511
12.7048   470
12.7148   483
12.7248   495
12.7348   511
12.7448   483
12.7548   506
12.7648   538
12.7748   508
12.7848   509
12.7948   531
12.8048   549
12.8148   546
12.8248   516
12.8348   532
12.8448   512
12.8548   541
12.8648   539
12.8748   541
12.8848   583
12.8948   574
12.9048   535
12.9148   559
12.9248   589
12.9348   556
12.9448   572
12.9548   602
12.9648   589
12.9748   609
12.9848   560
12.9948   571
13.0048   590
13.0148   560
13.0248   583
13.0348   601
13.0448   536
13.0548   575
13.0648   564
13.0748   557
13.0848   600
13.0948   571
13.1048   562
13.1148   567
13.1248   600
13.1348   593
13.1448   634
13.1548   581
13.1648   628
13.1748   602
13.1848   678
13.1948   718
13.2048   750
13.2148   866
13.2248   925
13.2348  1043
13.2448  1145
13.2548  1316
13.2648  1446
13.2748  1641
13.2848  1901
13.2948  2074
13.3048  2434
13.3148  2788
13.3248  3010
13.3348  3446
13.3448  4024
13.3548  4405
13.3648  4921
13.3748  5500
13.3848  6256
13.3948  7117
13.4048  7699
13.4148  8651
13.4248  9721
13.4348 10766
13.4448 12187
13.4548 13490
13.4648 14998
13.4748 16698
13.4848 18456
13.4948 20298
13.5048 22307
13.5148 24418
13.5248 26071
13.5348 28162
13.5448 29918
13.5548 31655
13.5648 33196
13.5748 34187
13.5848 34880
13.5948 35568
13.6048 36072
13.6148 35568
13.6248 35191
13.6348 34177
13.6448 32947
13.6548 31344
13.6648 29413
13.6748 27413
13.6848 24953
13.6948 22669
13.7048 20644
13.7148 18295
13.7248 16329
13.7348 14298
13.7448 12298
13.7548 10491
13.7648  8925
13.7748  7513
13.7848  6325
13.7948  5263
13.8048  4374
13.8148  3673
13.8248  2994
13.8348  2366
13.8448  1953
13.8548  1720
13.8648  1416
13.8748  1189
13.8848  1024
13.8948   942
13.9048   775
13.9148   712
13.9248   671
13.9348   619
13.9448   551
13.9548   544
13.9648   522
13.9748   523
13.9848   478
13.9948   495
14.0048   452
14.0148   456
14.0248   403
14.0348   441
14.0448   440
14.0548   433
14.0648   425
14.0748   435
14.0848   416
14.0948   380
14.1048   385
14.1148   371
14.1248   387
14.1348   394
14.1448   386
14.1548   405
14.1648   376
14.1748   381
14.1848   365
14.1948   378
14.2048   369
14.2148   402
14.2248   389
14.2348   385
14.2448   388
14.2548   386
14.2648   374
14.2748   339
14.2848   343
14.2948   376
14.3048   362
14.3148   358
14.3248   344
14.3348   350
14.3448   319
14.3548   366
14.3648   343
14.3748   359
14.3848   343
14.3948   356
14.4048   309
14.4148   317
14.4248   331
14.4348   353
14.4448   370
14.4548   318
14.4648   324
14.4748   335
14.4848   322
14.4948   317
14.5048   293
14.5148   306
14.5248   306
14.5348   332
14.5448   325
14.5548   306
14.5648   302
14.5748   299
14.5848   291
14.5948   305
14.6048   306
14.6148   291
14.6248   314
14.6348   293
14.6448   288
14.6548   295
14.6648   318
14.6748   304
14.6848   282
14.6948   310
14.7048   307
14.7148   306
14.7248   291
14.7348   322
14.7448   282
14.7548   290
14.7648   264
14.7748   308
14.7848   290
14.7948   290
14.8048   291
14.8148   284
14.8248   284
14.8348   303
14.8448   270
14.8548   283
14.8648   294
14.8748   299
14.8848   281
14.8948   283
14.9048   271
14.9148   272
14.9248   261
14.9348   287
14.9448   272
14.9548   265
14.9648   260
14.9748   291
14.9848   270
14.9948   281
15.0048   302
15.0148   281
15.0248   266
15.0348   261
15.0448   274
15.0548   271
15.0648   276
15.0748   280
15.0848   284
15.0948   274
15.1048   277
15.1148   304
15.1248   289
15.1348   287
15.1448   299
15.1548   294
15.1648   310
15.1748   303
15.1848   294
15.1948   312
15.2048   312
15.2148   335
15.2248   309
15.2348   330
15.2448   342
15.2548   310
15.2648   368
15.2748   327
15.2848   367
15.2948   378
15.3048   369
15.3148   383
15.3248   389
15.3348   382
15.3448   400
15.3548   428
15.3648   392
15.3748   404
15.3848   424
15.3948   439
15.4048   446
15.4148   413
15.4248   422
15.4348   424
15.4448   436
15.4548   418
15.4648   437
15.4748   397
15.4848   410
15.4948   386
15.5048   433
15.5148   392
15.5248   419
15.5348   469
15.5448   419
15.5548   467
15.5648   448
15.5748   476
15.5848   500
15.5948   524
15.6048   624
15.6148   620
15.6248   659
15.6348   670
15.6448   716
15.6548   707
15.6648   732
15.6748   801
15.6848   784
15.6948   798
15.7048   826
15.7148   801
15.7248   828
15.7348   834
15.7448   831
15.7548   759
15.7648   702
15.7748   777
15.7848   716
15.7948   657
15.8048   651
15.8148   623
15.8248   579
15.8348   570
15.8448   479
15.8548   495
15.8648   456
15.8748   451
15.8848   437
15.8948   397
15.9048   386
15.9148   361
15.9248   357
15.9348   345
15.9448   330
15.9548   330
15.9648   343
15.9748   333
15.9848   306
15.9948   295
16.0048   304
16.0148   302
16.0248   288
16.0348   294
16.0448   312
16.0548   323
16.0648   320
16.0748   309
16.0848   311
16.0948   328
16.1048   361
16.1148   405
16.1248   441
16.1348   469
16.1448   497
16.1548   547
16.1648   632
16.1748   712
16.1848   774
16.1948   881
16.2048  1038
16.2148  1210
16.2248  1394
16.2348  1614
16.2448  1855
16.2548  2092
16.2648  2404
16.2748  2777
16.2848  3112
16.2948  3441
16.3048  3788
16.3148  4208
16.3248  4520
16.3348  5017
16.3448  5390
16.3548  5743
16.3648  5977
16.3748  6385
16.3848  6613
16.3948  6671
16.4048  6972
16.4148  6967
16.4248  7002
16.4348  6844
16.4448  6817
16.4548  6494
16.4648  6346
16.4748  6100
16.4848  5820
16.4948  5437
16.5048  5139
16.5148  4817
16.5248  4342
16.5348  3929
16.5448  3631
16.5548  3172
16.5648  2954
16.5748  2626
16.5848  2317
16.5948  2014
16.6048  1719
16.6148  1528
16.6248  1376
16.6348  1195
16.6448  1057
16.6548  1007
16.6648   857
16.6748   779
16.6848   684
16.6948   692
16.7048   630
16.7148   539
16.7248   492
16.7348   547
16.7448   497
16.7548   444
16.7648   482
16.7748   493
16.7848   465
16.7948   488
16.8048   476
16.8148   496
16.8248   485
16.8348   515
16.8448   510
16.8548   566
16.8648   581
16.8748   592
16.8848   657
16.8948   628
16.9048   740
16.9148   777
16.9248   911
16.9348   982
16.9448   982
16.9548  1110
16.9648  1216
16.9748  1325
16.9848  1391
16.9948  1518
17.0048  1682
17.0148  1840
17.0248  1918
17.0348  2121
17.0448  2322
17.0548  2391
17.0648  2506
17.0748  2656
17.0848  2736
17.0948  2908
17.1048  3080
17.1148  3251
17.1248  3319
17.1348  3537
17.1448  3508
17.1548  3676
17.1648  3622
17.1748  3657
17.1848  3649
17.1948  3764
17.2048  3712
17.2148  3712
17.2248  3548
17.2348  3515
17.2448  3308
17.2548  3180
17.2648  3008
17.2748  2869
17.2848  2601
17.2948  2497
17.3048  2287
17.3148  2115
17.3248  1850
17.3348  1742
17.3448  1559
17.3548  1407
17.3648  1233
17.3748  1143
17.3848  1005
17.3948   927
17.4048   786
17.4148   696
17.4248   627
17.4348   590
17.4448   483
17.4548   447
17.4648   391
17.4748   376
17.4848   375
17.4948   325
17.5048   318
17.5148   285
17.5248   254
17.5348   278
17.5448   235
17.5548   205
17.5648   199
17.5748   172
17.5848   172
17.5948   175
17.6048   153
17.6148   138
17.6248   133
17.6348   119
17.6448   132
17.6548   139
17.6648   114
17.6748    90
17.6848   118
17.6948    93
17.7048   103
17.7148   101
17.7248   106
17.7348    94
17.7448    96
17.7548    93
17.7648    82
17.7748   101
17.7848   102
17.7948    97
17.8048   101
17.8148    78
17.8248    89
17.8348   100
17.8448   100
17.8548   103
17.8648   103
17.8748    96
17.8848    90
17.8948   107
17.9048    97
17.9148    82
17.9248   101
17.9348   111
17.9448    99
17.9548    92
17.9648    92
17.9748    96
17.9848    97
17.9948    98
18.0048    96
18.0148   102
18.0248    91
18.0348   110
18.0448   104
18.0548   101
18.0648    88
18.0748   108
18.0848   109
18.0948   101
18.1048   119
18.1148   121
18.1248   125
18.1348   110
18.1448   123
18.1548   108
18.1648   122
18.1748   117
18.1848   115
18.1948   125
18.2048   108
18.2148   128
18.2248   118
18.2348   108
18.2448   104
18.2548   116
18.2648   113
18.2748   109
18.2848   124
18.2948   135
18.3048   108
18.3148   115
18.3248   112
18.3348   117
18.3448   141
18.3548   126
18.3648   128
18.3748   135
18.3848   125
18.3948   128
18.4048   125
18.4148   126
18.4248   127
18.4348   124
18.4448   112
18.4548   121
18.4648   136
18.4748   139
18.4848   142
18.4948   145
18.5048   150
18.5148   148
18.5248   144
18.5348   146
18.5448   159
18.5548   166
18.5648   165
18.5748   156
18.5848   147
18.5948   182
18.6048   185
18.6148   176
18.6248   177
18.6348   210
18.6448   193
18.6548   176
18.6648   199
18.6748   196
18.6848   199
18.6948   201
18.7048   221
18.7148   218
18.7248   229
18.7348   224
18.7448   243
18.7548   252
18.7648   231
18.7748   238
18.7848   235
18.7948   255
18.8048   283
18.8148   275
18.8248   239
18.8348   255
18.8448   269
18.8548   254
18.8648   281
18.8748   281
18.8848   294
18.8948   287
18.9048   285
18.9148   265
18.9248   245
18.9348   263
18.9448   304
18.9548   305
18.9648   307
18.9748   275
18.9848   298
18.9948   298
19.0048   268
19.0148   282
19.0248   284
19.0348   290
19.0448   289
19.0548   274
19.0648   262
19.0748   263
19.0848   269
19.0948   272
19.1048   259
19.1148   277
19.1248   268
19.1348   252
19.1448   245
19.1548   259
19.1648   231
19.1748   219
19.1848   211
19.1948   224
19.2048   227
19.2148   220
19.2248   196
19.2348   207
19.2448   204
19.2548   183
19.2648   181
19.2748   187
19.2848   188
19.2948   182
19.3048   183
19.3148   176
19.3248   178
19.3348   166
19.3448   174
19.3548   177
19.3648   154
19.3748   155
19.3848   158
19.3948   156
19.4048   154
19.4148   159
19.4248   161
19.4348   159
19.4448   164
19.4548   162
19.4648   157
19.4748   150
19.4848   148
19.4948   144
19.5048   142
19.5148   139
19.5248   132
19.5348   132
19.5448   138
19.5548   133
19.5648   125
19.5748   123
19.5848   110
19.5948   112
19.6048   111
19.6148    95
19.6248   104
19.6348    95
19.6448    93
19.6548    98
19.6648   108
19.6748   100
19.6848    96
19.6948    83
19.7048    97
19.7148    88
19.7248    84
19.7348    83
19.7448    83
19.7548    90
19.7648    90
19.7748    76
19.7848    78
19.7948    88
19.8048    90
19.8148    90
19.8248    86
19.8348    99
19.8448   102
19.8548   116
19.8648   141
19.8748   155
19.8848   161
19.8948   172
19.9048   176
19.9148   197
19.9248   223
19.9348   223
19.9448   281
19.9548   325
19.9648   324
19.9748   349
19.9848   393
19.9948   464
20.0048   506
20.0148   522
20.0248   583
20.0348   643
20.0448   673
20.0548   715
20.0648   778
20.0748   840
20.0848   870
20.0948   929
20.1048   949
20.1148   950
20.1248   966
20.1348  1002
20.1448  1054
20.1548  1058
20.1648  1049
20.1748  1018
20.1848  1040
20.1948  1081
20.2048  1082
20.2148  1005
20.2248   933
20.2348   888
20.2448   842
20.2548   781
20.2648   761
20.2748   713
20.2848   637
20.2948   600
20.3048   567
20.3148   524
20.3248   454
20.3348   405
20.3448   376
20.3548   339
20.3648   300
20.3748   285
20.3848   268
20.3948   216
20.4048   199
20.4148   184
20.4248   177
20.4348   160
20.4448   150
20.4548   134
20.4648   124
20.4748   121
20.4848   130
20.4948   140
20.5048   124
20.5148   111
20.5248   115
20.5348   112
20.5448   118
20.5548   118
20.5648   113
20.5748   111
20.5848   115
20.5948   122
20.6048   120
20.6148   123
20.6248   138
20.6348   142
20.6448   143
20.6548   143
20.6648   145
20.6748   142
20.6848   143
20.6948   148
20.7048   148
20.7148   160
20.7248   179
20.7348   167
20.7448   160
20.7548   161
20.7648   173
20.7748   187
20.7848   198
20.7948   197
20.8048   185
20.8148   178
20.8248   188
20.8348   187
20.8448   166
20.8548   167
20.8648   177
20.8748   169
20.8848   164
20.8948   153
20.9048   145
20.9148   144
20.9248   149
20.9348   135
20.9448   123
20.9548   119
20.9648   111
20.9748   104
20.9848   101
20.9948   101
21.0048   104
21.0148   102
21.0248    87
21.0348    78
21.0448    78
21.0548    72
21.0648    71
21.0748    64
21.0848    66
21.0948    66
21.1048    65
21.1148    77
21.1248    64
21.1348    55
21.1448    57
21.1548    58
21.1648    58
21.1748    47
21.1848    51
21.1948    57
21.2048    54
21.2148    55
21.2248    59
21.2348    61
21.2448    56
21.2548    52
21.2648    54
21.2748    53
21.2848    53
21.2948    56
21.3048    55
21.3148    53
21.3248    50
21.3348    56
21.3448    61
21.3548    58
21.3648    56
21.3748    53
21.3848    49
21.3948    48
21.4048    50
21.4148    50
21.4248    53
21.4348    57
21.4448    55
21.4548    53
21.4648    60
21.4748    59
21.4848    50
21.4948    50
21.5048    55
21.5148    58
21.5248    55
21.5348    53
21.5448    51
21.5548    46
21.5648    42
21.5748    40
21.5848    41
21.5948    44
21.6048    46
21.6148    48
21.6248    45
21.6348    40
21.6448    38
21.6548    40
21.6648    46
21.6748    48
21.6848    43
21.6948    38
21.7048    35
21.7148    37
21.7248    37
21.7348    31
21.7448    29
21.7548    32
21.7648    34
21.7748    33
21.7848    33
21.7948    34
21.8048    34
21.8148    30
21.8248    29
21.8348    31
21.8448    30
21.8548    26
21.8648    24
21.8748    26
21.8848    28
21.8948    29
21.9048    32
21.9148    30
21.9248    30
21.9348    34
21.9448    25
21.9548    19
21.9648    23
21.9748    28
21.9848    25
21.9948    23
22.0048    21
22.0148    19
22.0248    23
22.0348    32
22.0448    32
22.0548    24
22.0648    25
22.0748    27
22.0848    22
22.0948    22
22.1048    27
22.1148    31
22.1248    28
22.1348    23
22.1448    25
22.1548    23
22.1648    22
22.1748    27
22.1848    21
22.1948    18
22.2048    24
22.2148    21
22.2248    17
22.2348    22
22.2448    19
22.2548    19
22.2648    23
22.2748    21
22.2848    16
22.2948    15
22.3048    16
22.3148    18
22.3248    21
22.3348    22
22.3448    22
22.3548    18
22.3648    17
22.3748    17
22.3848    19
22.3948    20
22.4048    15
22.4148    10
22.4248    16
22.4348    23
22.4448    20
22.4548    13
22.4648    15
22.4748    20
22.4848    21
22.4948    27
22.5048    25
22.5148    30
22.5248    39
22.5348    37
22.5448    35
22.5548    40
22.5648    40
22.5748    43
22.5848    37
22.5948    32
22.6048    41
22.6148    45
22.6248    51
22.6348    55
22.6448    58
22.6548    53
22.6648    55
22.6748    56
22.6848    55
22.6948    61
22.7048    66
22.7148    62
22.7248    59
22.7348    61
22.7448    65
22.7548    55
22.7648    64
22.7748    59
22.7848    50
22.7948    39
22.8048    41
22.8148    47
22.8248    44
22.8348    45
22.8448    39
22.8548    33
22.8648    38
22.8748    39
22.8848    30
22.8948    26
22.9048    29
22.9148    26
22.9248    28
22.9348    25
22.9448    22
22.9548    19
22.9648    20
22.9748    21
22.9848    22
22.9948    25
23.0048    20
23.0148    20
23.0248    24
23.0348    25
23.0448    24
23.0548    22
23.0648    20
23.0748    23
23.0848    19
23.0948    13
23.1048    17
23.1148    24
23.1248    24
23.1348    20
23.1448    17
23.1548    20
23.1648    22
23.1748    23
23.1848    23
23.1948    28
23.2048    26
23.2148    23
23.2248    29
23.2348    24
23.2448    25
23.2548    22
23.2648    18
23.2748    14
23.2848    14
23.2948    18
23.3048    21
23.3148    19
23.3248    16
23.3348    15
23.3448    15
23.3548    18
23.3648    17
23.3748    16
23.3848    14
23.3948    13
23.4048    11
23.4148     9
23.4248    11
23.4348    13
23.4448    12
23.4548    13
23.4648    13
23.4748    17
23.4848    22
23.4948    19
23.5048    15
23.5148    20
23.5248    20
23.5348    19
23.5448    20
23.5548    21
23.5648    18
23.5748    16
23.5848    14
23.5948    12
23.6048    13
23.6148    18
23.6248    13
23.6348    11
23.6448    11
23.6548    13
23.6648    11
23.6748    12
23.6848    16
23.6948    14
23.7048    17
23.7148    11
23.7248    11
23.7348     9
23.7448    12
23.7548    21
23.7648    18
23.7748    11
23.7848     9
23.7948     5
23.8048    12
23.8148    15
23.8248    15
23.8348    19
23.8448    13
23.8548     8
23.8648     9
23.8748    13
23.8848    18
23.8948    15
23.9048    13
23.9148    22
23.9248    13
23.9348    16
23.9448    13
23.9548    13
23.9648    14
23.9748    18
23.9848    16
23.9948    15
24.0048    19
24.0148    14
24.0248     7
24.0348     8
24.0448    10
24.0548    11
24.0648    14
24.0748    13
24.0848    11
24.0948    11
24.1048    14
24.1148    17
24.1248    15
24.1348     9
24.1448    13
24.1548    11
24.1648     9
24.1748    12
24.1848    11
24.1948    13
24.2048    18
24.2148    12
24.2248    16
24.2348    14
24.2448    10
24.2548    12
24.2648     8
24.2748    12
24.2848    11
24.2948    15
24.3048    19
24.3148    18
24.3248    11
24.3348     8
24.3448    10
24.3548    11
24.3648    17
24.3748    14
24.3848    10
24.3948    15
24.4048    11
24.4148    10
24.4248     4
24.4348     6
24.4448     9
24.4548    16
24.4648     7
24.4748     8
24.4848    10
24.4948    12
24.5048    12
24.5148    14
24.5248    10
24.5348    18
24.5448    14
24.5548     8
24.5648    10
24.5748     9
24.5848    12
24.5948    16
24.6048    13
24.6148    14
24.6248    15
24.6348    13
24.6448    10
24.6548    11
24.6648    15
24.6748    12
24.6848    15
24.6948    17
24.7048    13
24.7148    15
24.7248    16
24.7348    12
24.7448     9
24.7548     9
24.7648    12
24.7748    12
24.7848    12
24.7948    12
24.8048    22
24.8148    14
24.8248    14
24.8348     8
24.8448    11
24.8548    13
24.8648    12
24.8748    23
24.8848    19
24.8948    12
24.9048    15
24.9148    11
24.9248    13
24.9348    18
24.9448     9
24.9548    12
24.9648    15
24.9748    14
24.9848    17
24.9948    19
25.0048    16
25.0148    16
25.0248    20
25.0348    12
25.0448    11
25.0548    18
25.0648    11
25.0748    20
25.0848    13
25.0948    10
25.1048    14
25.1148    18
25.1248    12
25.1348     8
25.1448    11
25.1548    13
25.1648    16
25.1748    18
25.1848    11
25.1948     7
25.2048     4
25.2148     9
25.2248    11
25.2348     9
25.2448     8
25.2548    10
25.2648     9
25.2748     6
25.2848    10
25.2948    17
25.3048    11
25.3148     9
25.3248     9
25.3348     8
25.3448    14
25.3548    15
25.3648    11
25.3748    14
25.3848    11
25.3948    11
25.4048    14
25.4148    14
25.4248    17
25.4348     9
25.4448    14
25.4548    12
25.4648    15
25.4748    15
25.4848    13
25.4948    16
25.5048    14
25.5148    13
25.5248    10
25.5348    14
25.5448    13
25.5548    12
25.5648    11
25.5748     8
25.5848    14
25.5948     6
25.6048    16
25.6148    18
25.6248    13
25.6348     7
25.6448     7
25.6548     7
25.6648    16
25.6748    20
25.6848    12
25.6948    12
25.7048    13
25.7148    14
25.7248     9
25.7348    10
25.7448    20
25.7548    22
25.7648    19
25.7748    13
25.7848    12
25.7948    12
25.8048    12
25.8148    14
25.8248    13
25.8348    12
25.8448    11
25.8548    13
25.8648    10
25.8748    13
25.8848    14
25.8948    16
25.9048    13
25.9148    15
25.9248    10
25.9348    10
25.9448    13
25.9548    14
25.9648    13
25.9748     9
25.9848    14
25.9948    12
26.0048     7
26.0148     8
26.0248    15
26.0348    14
26.0448    12
26.0548    10
26.0648     9
26.0748     8
26.0848     9
26.0948    16
26.1048    14
26.1148    10
26.1248     7
26.1348    11
26.1448    10
26.1548    11
26.1648    11
26.1748    13
26.1848    10
26.1948    10
26.2048    18
26.2148     9
26.2248     8
26.2348    13
26.2448    14
26.2548    14
26.2648     8
26.2748     8
26.2848     6
26.2948    14
26.3048    13
26.3148    10
26.3248    19
26.3348    13
26.3448    10
26.3548     9
26.3648     7
26.3748    11
26.3848    10
26.3948    10
26.4048    11
26.4148    10
26.4248    13
26.4348    17
26.4448    15
26.4548     9
26.4648     8
26.4748    10
26.4848    13
26.4948    15
26.5048    18
26.5148    14
26.5248    10
26.5348    10
26.5448     9
26.5548    11
26.5648    14
26.5748     6
26.5848     9
26.5948    11
26.6048    12
26.6148    12
26.6248    12
26.6348    10
26.6448    18
26.6548     8
26.6648    12
26.6748    10
26.6848    14
26.6948    17
26.7048    14
26.7148    10
26.7248    14
26.7348    17
26.7448    11
26.7548    10
26.7648     8
26.7748    14
26.7848    16
26.7948    18
26.8048    17
26.8148    17
26.8248    13
26.8348    12
26.8448    18
26.8548    14
26.8648    15
26.8748     7
26.8848    12
26.8948    10
26.9048    14
26.9148    12
26.9248     7
26.9348    16
26.9448    17
26.9548    12
26.9648    15
26.9748    10
26.9848    15
26.9948     7
27.0048    11
27.0148     8
27.0248    14
27.0348    11
27.0448    10
27.0548    12
27.0648    12
27.0748    14
27.0848    12
27.0948    14
27.1048    13
27.1148    11
27.1248    14
27.1348    16
27.1448    15
27.1548    14
27.1648    14
27.1748    10
27.1848     9
27.1948    12
27.2048    12
27.2148    10
27.2248     9
27.2348    10
27.2448     9
27.2548     9
27.2648    11
27.2748    13
27.2848    14
27.2948    16
27.3048    15
27.3148    12
27.3248    12
27.3348    11
27.3448    10
27.3548    10
27.3648     9
27.3748    10
27.3848    12
27.3948    13
27.4048    14
27.4148    14
27.4248    13
27.4348    13
27.4448    14
27.4548    16
27.4648    16
27.4748    14
27.4848    13
27.4948    13
27.5048    11
27.5148     8
27.5248     8
27.5348    10
27.5448    10
27.5548     9
27.5648     9
27.5748     8
27.5848     9
27.5948    10
27.6048    14
27.6148    17
27.6248    16
27.6348    14
27.6448    11
27.6548    10
27.6648    11
27.6748    12
27.6848    11
27.6948     8
27.7048     8
27.7148     8
27.7248     8
27.7348    11
27.7448    12
27.7548    11
27.7648    12
27.7748    13
27.7848    12
27.7948    12
27.8048    14
27.8148    17
27.8248    13
27.8348    13
27.8448     9
27.8548     9
27.8648     9
27.8748     9
27.8848     9
27.8948    12
27.9048     9
27.9148    10
27.9248    11
27.9348     8
27.9448     9
27.9548     7
27.9648    10
27.9748     9
27.9848    10
27.9948    10
28.0048     8
28.0148    10
28.0248     9
28.0348     9
28.0448    10
28.0548    10
28.0648     7
28.0748     8
28.0848    12
28.0948    10
28.1048    10
28.1148     6
28.1248     7
28.1348     8
28.1448     8
28.1548     5
28.1648     7
28.1748     7
28.1848    10
28.1948     5
28.2048     6
28.2148    10
28.2248    12
28.2348     7
28.2448     7
28.2548    12
28.2648    12
28.2748    10
28.2848     4
28.2948     7
28.3048     8
28.3148     3
28.3248     7
28.3348    10
28.3448     9
28.3548     8
28.3648     6
28.3748    14
28.3848    13
28.3948     9
28.4048     6
28.4148     4
28.4248     4
28.4348     8
28.4448    11
28.4548    11
28.4648     9
28.4748    12
28.4848     8
28.4948     8
28.5048     9
28.5148    10
28.5248    10
28.5348    12
28.5448     6
28.5548     9
28.5648     5
28.5748     9
28.5848    11
28.5948     7
28.6048     5
28.6148     7
28.6248     9
28.6348     9
28.6448     7
28.6548    11
28.6648     9
28.6748     5
28.6848     6
28.6948     4
28.7048     6
28.7148    16
28.7248     9
28.7348     8
28.7448    10
28.7548     9
28.7648     9
28.7748     6
28.7848     4
28.7948    11
28.8048     8
28.8148     7
28.8248     9
28.8348     9
28.8448    10
28.8548     6
28.8648     8
28.8748     9
28.8848     4
28.8948     7
28.9048     8
28.9148    12
28.9248    13
28.9348    11
28.9448    10
28.9548    10
28.9648     7
28.9748    11
28.9848    10
28.9948     5
29.0048     8
29.0148     6
29.0248     9
29.0348     6
29.0448    13
29.0548    11
29.0648    10
29.0748     8
29.0848    12
29.0948     7
29.1048     6
29.1148     7
29.1248     8
29.1348    13
29.1448     4
29.1548     9
29.1648     7
29.1748    10
29.1848     8
29.1948    15
29.2048    11
29.2148     8
29.2248     6
29.2348     7
29.2448     6
29.2548     7
29.2648    11
29.2748    12
29.2848    16
29.2948    12
29.3048    10
29.3148     7
29.3248     9
29.3348     7
29.3448     9
29.3548    10
29.3648     4
29.3748     5
29.3848     7
29.3948     7
29.4048     9
29.4148    15
29.4248    14
29.4348    12
29.4448     9
29.4548    11
29.4648     7
29.4748     6
29.4848     9
29.4948     8
29.5048     7
29.5148     5
29.5248    12
29.5348     7
29.5448     7
29.5548     9
29.5648    10
29.5748     7
29.5848     8
29.5948     6
29.6048     7
29.6148     8
29.6248    11
29.6348    12
29.6448     8
29.6548     4
29.6648     7
29.6748     9
29.6848    10
29.6948     9
29.7048     7
29.7148     7
29.7248    11
29.7348     8
29.7448    11
29.7548     7
29.7648     6
29.7748     5
29.7848     2
29.7948     5
29.8048     2
29.8148     1
29.8248     4
29.8348     8
29.8448     7
29.8548    11
29.8648     8
29.8748     4
29.8848     9
29.8948     8
29.9048     1
29.9148     4
29.9248     6
29.9348     8
29.9448     3
29.9548     4
29.9648     5
29.9748     9
29.9848     7
29.9948     3
30.0048     5
30.0148     5
30.0248     6
30.0348     7
30.0448     1
30.0548     5
30.0648     7
30.0748     6
30.0848     3
30.0948     6
30.1048     9
30.1148     4
30.1248    14
30.1348     9
30.1448    12
30.1548    11
30.1648    10
30.1748     8
30.1848     7
30.1948     9
30.2048     9
30.2148     6
30.2248     7
30.2348    12
30.2448     8
30.2548     6
30.2648     8
30.2748     9
30.2848    10
30.2948    11
30.3048     4
30.3148     8
30.3248     4
30.3348     5
30.3448     6
30.3548     6
30.3648     8
30.3748    10
30.3848     7
30.3948    12
30.4048     8
30.4148    10
30.4248    10
30.4348     7
30.4448     6
30.4548     8
30.4648     9
30.4748    10
30.4848    10
30.4948     7
30.5048     7
30.5148     5
30.5248     5
30.5348     5
30.5448     5
30.5548     4
30.5648     3
30.5748     3
30.5848     1
30.5948     6
30.6048     4
30.6148     4
30.6248     8
30.6348     8
30.6448     5
30.6548     4
30.6648     1
30.6748     4
30.6848     4
30.6948     9
30.7048    12
30.7148     4
30.7248     2
30.7348     7
30.7448     8
30.7548     2
30.7648     1
30.7748     8
30.7848     8
30.7948     1
30.8048     4
30.8148     6
30.8248     3
30.8348     1
30.8448     6
30.8548     9
30.8648     9
30.8748     9
30.8848     4
30.8948     7
30.9048     8
30.9148    11
30.9248     7
30.9348     6
30.9448     4
30.9548    12
30.9648    16
30.9748     5
30.9848     7
30.9948     6
31.0048     6
31.0148     9
31.0248    11
31.0348     5
31.0448     2
31.0548     5
31.0648     8
31.0748     8
31.0848     9
31.0948     9
31.1048    10
31.1148     8
31.1248     8
31.1348     6
31.1448     7
31.1548     5
31.1648     7
31.1748    12
31.1848     5
31.1948     4
31.2048     2
31.2148    10
31.2248     6
31.2348     6
31.2448     7
31.2548     4
31.2648     8
31.2748     5
31.2848     5
31.2948     3
31.3048     6
31.3148     5
31.3248    10
31.3348    11
31.3448     7
31.3548     8
31.3648    10
31.3748    11
31.3848     6
31.3948     7
31.4048     7
31.4148     6
31.4248     4
31.4348     5
31.4448     7
31.4548     5
31.4648     9
31.4748     9
31.4848     6
31.4948    10
31.5048     8
31.5148    13
31.5248     7
31.5348     8
31.5448     5
31.5548     5
31.5648     5
31.5748     6
31.5848     5
31.5948     4
31.6048     6
31.6148     4
31.6248     3
31.6348     3
31.6448     7
31.6548     7
31.6648     7
31.6748     7
31.6848     7
31.6948     7
31.7048     4
31.7148     9
31.7248     9
31.7348     8
31.7448     6
31.7548     6
31.7648     7
31.7748    10
31.7848     4
31.7948     9
31.8048     4
31.8148     5
31.8248     6
31.8348     3
31.8448     3
31.8548     8
31.8648     6
31.8748     7
31.8848     6
31.8948     4
31.9048     9
31.9148     8
31.9248     9
31.9348     5
31.9448     4
31.9548     5
31.9648     9
31.9748    13
31.9848    10
31.9948     2
32.0048     3
32.0148     5
32.0248     9
32.0348     9
32.0448     8
32.0548     5
32.0648     8
32.0748     8
32.0848     7
32.0948    11
32.1048     4
32.1148     4
32.1248     9
32.1348     6
32.1448     4
32.1548     5
32.1648     6
32.1748     6
32.1848     1
32.1948     3
32.2048     9
32.2148     7
32.2248     4
32.2348     2
32.2448     9
32.2548     6
32.2648     4
32.2748     5
32.2848     6
32.2948     7
32.3048     6
32.3148     8
32.3248     6
32.3348     6
32.3448     7
32.3548     9
32.3648    11
32.3748     4
32.3848     6
32.3948     6
32.4048     7
32.4148     5
32.4248     6
32.4348     6
32.4448     1
32.4548     3
32.4648     5
32.4748     5
32.4848    11
32.4948     9
32.5048     4
32.5148     5
32.5248     4
32.5348    10
32.5448     7
32.5548     5
32.5648     5
32.5748    11
32.5848     8
32.5948     9
32.6048     9
32.6148     4
32.6248     4
32.6348     5
32.6448     6
32.6548     2
32.6648     1
32.6748     3
32.6848     2
32.6948     3
32.7048     1
32.7148     6
32.7248     7
32.7348     2
32.7448     6
32.7548     7
32.7648     7
32.7748     6
32.7848     7
32.7948     6
32.8048     5
32.8148     5
32.8248     3
32.8348     3
32.8448     5
32.8548     1
32.8648     5
32.8748     5
32.8848     7
32.8948     4
32.9048     7
32.9148     4
32.9248     3
32.9348     6
32.9448     7
32.9548     2
32.9648     3
32.9748     5
32.9848     3
32.9948     3
33.0048     7
33.0148     6
33.0248     4
33.0348     6
33.0448     7
33.0548     9
33.0648     8
33.0748     5
33.0848     6
33.0948     5
33.1048     4
33.1148     5
33.1248     4
33.1348     4
33.1448     5
33.1548     6
33.1648     7
33.1748     9
33.1848    11
33.1948     5
33.2048     6
33.2148     8
33.2248     5
33.2348     6
33.2448     8
33.2548     6
33.2648     1
33.2748     6
33.2848     8
33.2948     6
33.3048     6
33.3148     3
33.3248     8
33.3348    11
33.3448     2
33.3548     4
33.3648     4
33.3748     4
33.3848     6
33.3948     4
33.4048     6
33.4148     5
33.4248     4
33.4348     3
33.4448     5
33.4548     6
33.4648     6
33.4748     3
33.4848     4
33.4948     5
33.5048     6
33.5148     6
33.5248     3
33.5348     2
33.5448     4
33.5548     7
33.5648     7
33.5748     5
33.5848     4
33.5948     7
33.6048     4
33.6148     3
33.6248     4
33.6348     3
33.6448     3
33.6548     3
33.6648     4
33.6748     6
33.6848     1
33.6948     3
33.7048     5
33.7148     3
33.7248     3
33.7348     7
33.7448     4
33.7548     7
33.7648     5
33.7748     5
33.7848     3
33.7948     7
33.8048     7
33.8148     5
33.8248     2
33.8348     1
33.8448     1
33.8548     0
33.8648     3
33.8748     3
33.8848     5
33.8948     9
33.9048     4
33.9148     2
33.9248     2
33.9348     3
33.9448     4
33.9548     4
33.9648     5
33.9748     4
33.9848     3
33.9948     6
34.0048    10
34.0148     5
34.0248     4
34.0348     6
34.0448     9
34.0548     5
34.0648     6
34.0748     3
34.0848     8
34.0948     6
34.1048     9
34.1148     2
34.1248     2
34.1348     7
34.1448     6
34.1548     9
34.1648     6
34.1748     6
34.1848     3
34.1948     6
34.2048     9
34.2148     7
34.2248     7
34.2348     2
34.2448     7
34.2548     7
34.2648     2
34.2748     3
34.2848     9
34.2948     9
34.3048     3
34.3148     6
34.3248     4
34.3348     5
34.3448     6
34.3548     2
34.3648     3
34.3748     0
34.3848     3
34.3948     7
34.4048     2
34.4148     4
34.4248     6
34.4348     6
34.4448     6
34.4548     5
34.4648     5
34.4748     4
34.4848     8
34.4948     6
34.5048     3
34.5148     1
34.5248     5
34.5348     4
34.5448     4
34.5548     2
34.5648     2
34.5748     3
34.5848     1
34.5948     2
34.6048     3
34.6148     7
34.6248     6
34.6348     3
34.6448     3
34.6548     7
34.6648     9
34.6748     8
34.6848     7
34.6948     6
34.7048     3
34.7148     6
34.7248     5
34.7348     4
34.7448     4
34.7548     3
34.7648     6
34.7748     2
34.7848     2
34.7948     7
34.8048     2
34.8148     3
34.8248     3
34.8348     8
34.8448    10
34.8548     5
34.8648     4
34.8748     4
34.8848     8
34.8948     7
34.9048     6
34.9148     5
34.9248     5
34.9348     7
34.9448     4
34.9548     8
34.9648     8
34.9748     6
34.9848     5
34.9948     3
35.0048     3
35.0148     3
35.0248     7
35.0348     5
35.0448     3
35.0548     2
35.0648     3
35.0748     6
35.0848     4
35.0948     6
35.1048     6
35.1148     3
35.1248     6
35.1348     4
35.1448     4
35.1548     5
35.1648     5
35.1748     8
35.1848     4
35.1948     3
35.2048     3
35.2148     4
35.2248     3
35.2348     0
35.2448     3
35.2548     5
35.2648     9
35.2748     6
35.2848     5
35.2948     4
35.3048     6
35.3148     2
35.3248     5
35.3348     4
35.3448     6
35.3548     3
35.3648     6
35.3748     5
35.3848     4
35.3948     2
35.4048     7
35.4148     7
35.4248     5
35.4348     5
35.4448     9
35.4548     8
35.4648     8
35.4748     2
35.4848     2
35.4948     6
35.5048     4
35.5148     5
35.5248     2
35.5348     1
35.5448     2
35.5548     5
35.5648     7
35.5748     3
35.5848     2
35.5948     3
35.6048     2
35.6148     2
35.6248     3
35.6348     2
35.6448     3
35.6548     3
35.6648     4
35.6748     3
35.6848     3
35.6948     6
35.7048     3
35.7148     4
35.7248     3
35.7348     4
35.7448     2
35.7548     4
35.7648     1
35.7748     4
35.7848     5
35.7948     3
35.8048     6
35.8148     2
35.8248     2
35.8348     5
35.8448     9
35.8548     9
35.8648     7
35.8748     7
35.8848     5
35.8948     3
35.9048     6
35.9148     3
35.9248     5
35.9348     4
35.9448     4
35.9548     4
35.9648     7
35.9748     4
35.9848     4
35.9948     3
36.0048     3
36.0148     6
36.0248     5
36.0348     6
36.0448     6
36.0548     5
36.0648     4
36.0748     7
36.0848     3
36.0948     6
36.1048     7
36.1148     3
36.1248     3
36.1348     4
36.1448     2
36.1548     3
36.1648     3
36.1748     7
36.1848     6
36.1948     3
36.2048     5
36.2148     4
36.2248     4
36.2348     3
36.2448     6
36.2548     3
36.2648     3
36.2748     8
36.2848     4
36.2948     6
36.3048     4
36.3148     2
36.3248     3
36.3348     6
36.3448     5
36.3548     4
36.3648     3
36.3748     3
36.3848     4
36.3948     6
36.4048     5
36.4148     2
36.4248     2
36.4348     2
36.4448     6
36.4548     2
36.4648     4
36.4748     5
36.4848     6
36.4948     5
36.5048     2
36.5148     3
36.5248     7
36.5348     3
36.5448     3
36.5548     1
36.5648     4
36.5748     5
36.5848     4
36.5948     3
36.6048     2
36.6148     3
36.6248     2
36.6348     5
36.6448     2
36.6548     2
36.6648     4
36.6748     4
36.6848     4
36.6948     3
36.7048     4
36.7148     3
36.7248     2
36.7348     2
36.7448     2
36.7548     1
36.7648     5
36.7748     4
36.7848     3
36.7948     5
36.8048     3
36.8148     5
36.8248     5
36.8348     4
36.8448     2
36.8548     4
36.8648     2
36.8748     4
36.8848     8
36.8948     4
36.9048     3
36.9148     3
36.9248     4
36.9348     3
36.9448     5
36.9548     2
36.9648     1
36.9748     4
36.9848     2
36.9948     3
37.0048     2
37.0148     2
37.0248     3
37.0348     2
37.0448     3
37.0548     3
37.0648     5
37.0748     5
37.0848     6
37.0948     3
37.1048     2
37.1148     2
37.1248     2
37.1348     0
37.1448     0
37.1548     3
37.1648     4
37.1748     6
37.1848     4
37.1948     3
37.2048     3
37.2148     5
37.2248     4
37.2348     4
37.2448     6
37.2548     6
37.2648     5
37.2748     4
37.2848     2
37.2948     0
37.3048     2
37.3148     4
37.3248     2
37.3348     3
37.3448     4
37.3548     2
37.3648     6
37.3748     4
37.3848     2
37.3948     2
37.4048     3
37.4148     4
37.4248     5
37.4348     4
37.4448     4
37.4548     2
37.4648     2
37.4748     2
37.4848     3
37.4948     7
37.5048     2
37.5148     3
37.5248     2
37.5348     3
37.5448     4
37.5548     3
37.5648     4
37.5748     1
37.5848     2
37.5948     2
37.6048     4
37.6148     2
37.6248     2
37.6348     2
37.6448     4
37.6548     1
37.6648     2
37.6748     1
37.6848     1
37.6948     3
37.7048     3
37.7148     3
37.7248     2
37.7348     3
37.7448     3
37.7548     2
37.7648     4
37.7748     4
37.7848     6
37.7948     4
37.8048     4
37.8148     1
37.8248     4
37.8348     4
37.8448     1
37.8548     1
37.8648     4
37.8748     5
37.8848     5
37.8948     3
37.9048     3
37.9148     1
37.9248     3
37.9348     2
37.9448     4
37.9548     2
37.9648     2
37.9748     2
37.9848     3
37.9948     5
38.0048     4
38.0148     2
38.0248     1
38.0348     2
38.0448     0
38.0548     3
38.0648     2
38.0748     3
38.0848     2
38.0948     2
38.1048     5
38.1148     3
38.1248     4
38.1348     4
38.1448     2
38.1548     5
38.1648     5
38.1748     6
38.1848     7
38.1948     3
38.2048     5
38.2148     2
38.2248     2
38.2348     3
38.2448     1
38.2548     7
38.2648     1
38.2748     4
38.2848     2
38.2948     3
38.3048     1
38.3148     2
38.3248     0
38.3348     2
38.3448     4
38.3548     2
38.3648     4
38.3748     2
38.3848     2
38.3948     2
38.4048     3
38.4148     1
38.4248     2
38.4348     5
38.4448     3
38.4548     2
38.4648     3
38.4748     3
38.4848     4
38.4948     3
38.5048     5
38.5148     3
38.5248     5
38.5348     1
38.5448     1
38.5548     2
38.5648     1
38.5748     4
38.5848     4
38.5948     2
38.6048     1
38.6148     0
38.6248     2
38.6348     3
38.6448     2
38.6548     2
38.6648     3
38.6748     1
38.6848     2
38.6948     2
38.7048     2
38.7148     1
38.7248     4
38.7348     3
38.7448     2
38.7548     2
38.7648     3
38.7748     3
38.7848     3
38.7948     2
38.8048     5
38.8148     3
38.8248     5
38.8348     2
38.8448     3
38.8548     1
38.8648     3
38.8748     3
38.8848     2
38.8948     3
38.9048     3
38.9148     1
38.9248     2
38.9348     1
38.9448     4
38.9548     4
38.9648     1
38.9748     2
38.9848     1
38.9948     2
39.0048     0
39.0148     2
39.0248     3
39.0348     2
39.0448     1
39.0548     4
39.0648     3
39.0748     3
39.0848     2
39.0948     1
39.1048     2
39.1148     5
39.1248     2
39.1348     1
39.1448     4
39.1548     4
39.1648     3
39.1748     1
39.1848     3
39.1948     4
39.2048     2
39.2148     3
39.2248     3
39.2348     0
39.2448     2
39.2548     2
39.2648     3
39.2748     1
39.2848     3
39.2948     2
39.3048     2
39.3148     2
39.3248     2
39.3348     2
39.3448     3
39.3548     2
39.3648     2
39.3748     4
39.3848     3
39.3948     3
39.4048     3
39.4148     4
39.4248     3
39.4348     3
39.4448     1
39.4548     4
39.4648     2
39.4748     0
39.4848     3
39.4948     1
39.5048     1
39.5148     0
39.5248     1
39.5348     1
39.5448     3
39.5548     3
39.5648     2
39.5748     1
39.5848     2
39.5948     4
39.6048     3
39.6148     2
39.6248     1
39.6348     2
39.6448     0
39.6548     2
39.6648     3
39.6748     4
39.6848     3
39.6948     4
39.7048     4
39.7148     2
39.7248     4
39.7348     2
39.7448     3
39.7548     3
39.7648     4
39.7748     4
39.7848     3
39.7948     4
39.8048     1
39.8148     2
39.8248     0
39.8348     2
39.8448     0
39.8548     2
39.8648     0
39.8748     1
39.8848     2
39.8948     4
39.9048     2
39.9148     1
39.9248     2
39.9348     3
39.9448     1
39.9548     2
39.9648     2
39.9748     2
39.9848     2
39.9948     1
