 # n     lnlikelihood     parameters
           1   0.0000000000000000       0.23553813188942474        423.46895805097591        79.451626925508037        36.207743201707267     
           2   0.0000000000000000       0.24080222845083921        403.89932978871110        213.48404487112060        44.722303574413594     
           3   0.0000000000000000       0.28599621848398288        574.42935851368247        107.86250492007747        64.084442647675246     
           4   0.0000000000000000       0.12330659498605578        484.45314013819262        397.66317529782089        17.576324538562062     
           5   0.0000000000000000       0.44751143943632554        545.72513729646187        819.01365699347377        28.372753007201766     
           6   0.0000000000000000       0.32566983562112939        473.74053878383432        794.50468628607928        83.525415286441302     
           7   0.0000000000000000        9.3966509087917427E-002   456.50226371710153        484.49133789043077        26.957367753141714     
           8   0.0000000000000000       0.16481531169434038        424.12671540484871        29.260354053696222        77.580462857234892     
           9   0.0000000000000000       0.40882385859954196        519.79905908325202        79.299126348215992        60.001809603841053     
          10   0.0000000000000000       0.21027743920832120        424.08682442030221        887.34119945584553        32.183551293438896     
          11   0.0000000000000000       0.16386124320290024        546.53549388893907        62.113774703503644        57.253145515432657     
          12   0.0000000000000000       0.24392639081119910        437.20282406634078        184.45343979205086        77.699251204961129     
          13   0.0000000000000000       0.39184260873026433        408.38377378229325        162.29623963091228        56.283177194363113     
          14   0.0000000000000000       0.20931801791766280        575.77606245910954        183.10943233771002        83.150027984198999     
          15   0.0000000000000000        6.0047742733135290E-003   581.94937175446944        922.04497565615839        7.3149665083786726     
          16   0.0000000000000000        4.4465696512774211E-002   439.36240979456358        712.54102919222066        82.684714928609992     
          17   0.0000000000000000        6.6094299631209441E-002   595.23239712058501        315.59910276388536        51.293360834175203     
          18   0.0000000000000000       0.19432366262157003        591.59705959046039        90.252705758829521        13.425412686684101     
          19   0.0000000000000000        3.0393789346540578E-002   408.36658342866508        151.94366278731823        56.650875339699702     
          20   0.0000000000000000       0.34695317797654479        597.93758773523086        420.39044418702412        49.300655650403883     
          21   0.0000000000000000       0.20469399191874044        429.84712186558210        717.52895841403608        3.3508824203720700     
          22   0.0000000000000000       0.17352039815532005        517.29063732951352        483.38009584710869        84.492525816020020     
          23   0.0000000000000000       0.33305880839693530        524.05071700287203        556.34388974512012        81.560742932568957     
          24   0.0000000000000000       0.17682187591923293        486.53409829191810        884.55017787953011        57.135120588670475     
          25   0.0000000000000000       0.35548145573663564        492.44309674687537        525.92531125436130        81.155788710844050     
          26   0.0000000000000000       0.43685767917901031        422.10640183571172        61.727033156747133        15.786011052833471     
          27   0.0000000000000000       0.45417760661160317        518.86061129311292        900.17723178220047        86.685333493514420     
          28   0.0000000000000000       0.44109436239459121        520.43830199670708        288.15667702130315        65.789153878003333     
          29   0.0000000000000000        4.2791628994186703E-002   576.55551892335745        210.86012791889382        85.115015972074531     
          30   0.0000000000000000       0.19299519699834150        553.18394794800429        248.75562051704915        72.128396475612149     
          31   0.0000000000000000        4.6139396177814651E-002   587.51486906075797        908.14795287093523        62.789396546579411     
          32   0.0000000000000000       0.11593377002581079        563.90118776302120        579.45561231179465        55.424419688127877     
          33   0.0000000000000000        8.0326315265362491E-002   470.19446599262415        816.11500626560496        43.447628081500689     
          34   0.0000000000000000       0.34574975812166919        463.90361135451030        669.79462072376793        74.483287683137718     
          35   0.0000000000000000       0.13269333204275718        404.49154495853247        302.69158998462842        31.433147970091547     
          36   0.0000000000000000       0.47014819328373025        470.42732935853519        878.64768911980502        68.663039083649551     
          37   0.0000000000000000       0.28534088449253592        597.06000965162616        383.63096172695140        41.051959036576413     
          38   0.0000000000000000        9.7227450329562926E-002   579.48935993345799        608.11825069535485        64.125342292490913     
          39   0.0000000000000000        6.5107734255877403E-002   420.34060703336576        525.92392748422265        37.721560421107810     
          40   0.0000000000000000       0.32701803193427759        531.84049509063391        98.167441090575693        59.050180272549156     
          41   0.0000000000000000        3.9019923970479153E-002   454.88337439335180        119.43090125704673        32.042156914642050     
          42   0.0000000000000000       0.39499247311540997        443.80948587878413        407.31724861163752        89.189447986232977     
          43   0.0000000000000000       0.32989559976482891        453.70865611444287        604.53015028839866        48.566297917596138     
          44   0.0000000000000000       0.40139917521623458        489.74854765015061        562.02227863480221        82.681524456315032     
          45   0.0000000000000000       0.13102724815698763        500.43374544060975        742.03775937489331        12.369218189928521     
          46   0.0000000000000000       0.20363200448491525        541.64536704979491        330.57832552911145        13.476140130225200     
          47   0.0000000000000000       0.27731682507009664        475.83517887811257        961.93663538608757        1.5986637605491794E-003
          48   0.0000000000000000       0.20351843064115022        492.80980119557910        778.93496698410343        49.592840246734504     
          49   0.0000000000000000        4.9050166813388640E-002   415.22096351289036        843.89638727090551        5.1466412445771770     
          50   0.0000000000000000       0.36718214206147043        536.05309219733749        849.01807459107249        10.446010486696311     
          51   0.0000000000000000       0.42306394101262729        485.75220864731762        104.31666901479012        32.486581342468583     
          52   0.0000000000000000       0.21400237660704052        565.99792224614657        139.56296588539442        36.023533363897400     
          53   0.0000000000000000       0.28094400641592426        530.48851140705631        972.60539162989278        20.909504992972614     
          54   0.0000000000000000        9.9780254975336047E-002   411.37099107240533        570.75718930832898        96.264395854462180     
          55   0.0000000000000000       0.28326677106864606        411.96204748682800        111.35320461245659        74.290452846718765     
          56   0.0000000000000000       0.38933730525549259        479.75601094624108        895.97924268599706        95.231297419407483     
          57   0.0000000000000000        8.0185098783819742E-002   563.40736976465780        795.57062449825878        69.376529673471438     
          58   0.0000000000000000       0.30310263111755648        477.21765464689224        97.093650477695292        95.121947825786165     
          59   0.0000000000000000       0.44362579649739720        558.51225073882802        277.00143415285936        51.410538675851249     
          60   0.0000000000000000       0.14673397770458640        463.94726969135422        35.714003086675206        68.039244434686026     
          61   0.0000000000000000       0.29934258702464261        519.01495640725750        693.22261529361822        69.902240475518468     
          62   0.0000000000000000       0.40279597642149806        518.53065889151662        534.92449849111631        63.697458484741510     
          63   0.0000000000000000       0.26077387633797144        455.70772096794502        595.97900528812647        95.593662945692543     
          64   0.0000000000000000       0.17207228717294609        464.17794376963928        986.25601726546370        43.361412612136220     
          65   0.0000000000000000       0.40264428656604451        521.43316572173035        114.54626634388194        63.120454805062188     
          66   0.0000000000000000        7.6668759139829568E-002   519.10730751074709        59.255605572303232        86.215236603802254     
          67   0.0000000000000000       0.27394164591993386        433.24335853940875        327.57604717540090        29.159276184685680     
          68   0.0000000000000000       0.25258681946831896        555.25187611173874        951.33073531885441        19.382482706022930     
          69   0.0000000000000000       0.27096937346703831        451.62623510901926        172.81862198391553        72.985437413127229     
          70   0.0000000000000000        8.4894323321341725E-002   404.46097420405636        268.59601636916727        4.1440410067868250     
          71   0.0000000000000000       0.43675193014362046        549.41194952266233        266.78747892391419        82.263360876719460     
          72   0.0000000000000000       0.41138231108595497        418.78887038499505        847.68802298014782        29.025619552028658     
          73   0.0000000000000000       0.19793222701723678        563.61592588855001        595.25571232934567        79.063473035278619     
          74   0.0000000000000000       0.34462266876206754        549.05543106395055        188.64116110741310        55.155401843890516     
          75   0.0000000000000000       0.43988991735991007        402.73100186766004        130.04033394296380        97.529865294470440     
          76   0.0000000000000000       0.25484164344385407        596.44448817171497        405.84339926280614        98.898168059677815     
          77   0.0000000000000000       0.24099966595345512        434.14840643812533        968.50389158273128        64.055708529365546     
          78   0.0000000000000000       0.35878807842218230        513.77049888003273        414.42303773398174        21.593095687512864     
          79   0.0000000000000000       0.38019904447283254        401.02264278809105        779.46370544890783        60.843404444842129     
          80   0.0000000000000000        6.9206215727930620E-002   548.12141372234771        682.59593683836954        70.215407407922186     
          81   0.0000000000000000       0.23266408549091738        574.70537544696390        360.22196113226863        27.356562886604873     
          82   0.0000000000000000       0.37477810029663566        546.26620803692686        26.426580799283457        24.978710926780956     
          83   0.0000000000000000       0.28661356782883973        504.81216966336444        161.28866426692537        85.590759644524866     
          84   0.0000000000000000        1.5564226070386322E-002   419.37604659590943        906.06562552736511        28.205804435648808     
          85   0.0000000000000000       0.41706783608457065        410.72268130793657        591.52499530462421        58.128966319408370     
          86   0.0000000000000000       0.45039252080742287        519.28651211735189        584.87010959284476        27.227948103919463     
          87   0.0000000000000000       0.10365366766778328        560.55673882863584        850.78167834610838        49.725021751503775     
          88   0.0000000000000000       0.12902752442905296        493.14004413158528        195.73675812495989        54.338495154026610     
          89   0.0000000000000000       0.10027151185849270        537.29888341170488        730.60241838232992        36.781325251788431     
          90   0.0000000000000000       0.32502817670471140        528.43254759197953        77.916922043862556        90.143899826823301     
          91   0.0000000000000000       0.13258946317629672        491.09330587543525        396.99403426616976        81.759089675495048     
          92   0.0000000000000000       0.42222062545456934        499.33052823774165        262.21272452413120        66.031125882507922     
          93   0.0000000000000000       0.31341467536361700        527.77680279392064        867.56359590710235        69.984703597640618     
          94   0.0000000000000000       0.37647377265684084        422.24147194867129        872.00006462853594        31.143995128673563     
          95   0.0000000000000000       0.38783174707421791        560.35239740522616        644.44769447625038        47.465718131047282     
          96   0.0000000000000000       0.23841912410748051        596.58655098462998        845.97976157283892        92.588167952278667     
          97   0.0000000000000000       0.27928428821506490        549.13645313809252        348.76518838434828        78.808364522534262     
          98   0.0000000000000000       0.23743118898767135        540.25710485132049        417.14547047968153        68.414183956363416     
          99   0.0000000000000000       0.13803391154999600        524.76501581404898        898.08193380048510        49.105991378224523     
         100   0.0000000000000000       0.38578491747668209        465.34566108812493        256.89071078317488        2.1046663638406016     
         101   0.0000000000000000        5.8997025703931283E-002   486.70477213544700        399.07050425629745        1.8755192843154189     
         102   0.0000000000000000       0.38979738373750833        404.90372507235418        263.35914659110460        8.8507980028115103     
         103   0.0000000000000000       0.44300809345677367        509.06428028292021        602.16827299070746        83.184705589212086     
         104   0.0000000000000000        9.1522919836742767E-002   565.25854221425038        389.39094552223122        78.422180592861935     
         105   0.0000000000000000       0.16430933709497769        598.82648202541134        48.181091750017472        14.387469183177037     
         106   0.0000000000000000       0.42249695061990694        475.04951365217642        571.92535966233777        19.958154889823888     
         107   0.0000000000000000       0.33220903460843598        569.31202508218041        101.60358435730623        65.895440390641440     
         108   0.0000000000000000       0.23024740705547858        444.16857315859852        899.69754761139336        25.975260542191315     
         109   0.0000000000000000       0.29410138899618271        503.39785948407757        700.85578448589820        7.3847653832044724     
         110   0.0000000000000000       0.44230553799532096        536.73370560474598        116.70133466689022        83.013340033122802     
         111   0.0000000000000000       0.39944430624851524        434.96260848687336        534.02890607907864        32.020236654356729     
         112   0.0000000000000000       0.30216578758325602        588.44402975004607        38.560345176990310        38.802750872905087     
         113   0.0000000000000000       0.36670541428211195        487.55571517944480        746.06504163633372        87.149209091891350     
         114   0.0000000000000000       0.31694459337760256        431.65097135974116        897.35796253282763        85.245911361185094     
         115   0.0000000000000000       0.23477722535436751        423.92990099966863        80.569712017934478        70.127884409187089     
         116   0.0000000000000000       0.17871750902159528        539.77047458249615        603.98599373071841        23.801033660117245     
         117   0.0000000000000000       0.13969369303107360        501.32082747694363        997.72303179448431        86.041290979993519     
         118   0.0000000000000000        1.8208200598976154E-002   459.94822678083926        677.14637471751212        19.428159988275240     
         119   0.0000000000000000       0.39490225135950835        433.02493401018967        111.76278805628246        56.346283081043971     
         120   0.0000000000000000        7.1551550122937957E-002   410.72363787847365        549.63680218941727        18.653381976258132     
         121   0.0000000000000000       0.23559369732768071        591.01909502177170        502.10261355271314        76.636805258789479     
         122   0.0000000000000000       0.24454578019378209        431.67462765343566        364.48638403888390        31.874836901555746     
         123   0.0000000000000000       0.17884438189097795        446.93463943266386        978.84709234998957        78.745058666617837     
         124   0.0000000000000000        7.9823489441527506E-002   472.29365637862958        659.96583198767269        5.6143826306081053     
         125   0.0000000000000000        7.8400240921418674E-002   500.41209324842589        414.51633051679261        89.453599638865796     
         126   0.0000000000000000       0.13172845796599170        517.09892944190665        859.14585225061398        59.315635184231915     
         127   0.0000000000000000       0.38554215587808899        409.55792291819830        157.14336479746049        46.872004197779503     
         128   0.0000000000000000       0.43457047794099790        532.97388945846751        838.33564804005607        25.357430715295550     
         129   0.0000000000000000       0.10942438629167761        539.96149596076543        740.85822555479706        86.955419418619186     
         130   0.0000000000000000       0.18980304078573140        543.55049242548569        924.18673044738682        41.889792273078832     
         131   0.0000000000000000        6.5225515365905151E-002   494.80738110395282        660.66285547188158        53.255580205654041     
         132   0.0000000000000000        7.2655939134832204E-002   578.31477749099554        413.30538030452021        56.080589173705405     
         133   0.0000000000000000       0.14513925945931117        485.19278464207235        557.75802973654379        52.913618586214369     
         134   0.0000000000000000       0.23437139917502559        496.79717617177164        197.58498099170345        38.395965041313218     
         135   0.0000000000000000       0.19717711782744596        585.12999097353759        766.82420183300269        82.255543798049459     
         136   0.0000000000000000        7.3821020606889998E-002   469.40592523280230        853.01022535587549        84.601821186626594     
         137   0.0000000000000000       0.16000208327041221        405.39023442645265        951.90579450930898        3.0537934356395957     
         138   0.0000000000000000       0.38869651885154388        445.13387038261862        374.84379178696554        42.256245944404583     
         139   0.0000000000000000        3.1174772344193746E-002   506.03118363149275        968.62559425551615        60.154972108604234     
         140   0.0000000000000000       0.35854450732165688        569.58229020576778        830.23297415984382        26.283406856582438     
         141   0.0000000000000000       0.49128970452991411        417.87234470137764        217.75592413630659        86.057377792380493     
         142   0.0000000000000000       0.10310514384710523        547.55172270845765        663.57889153081487        24.811181089389756     
         143   0.0000000000000000       0.28073830399969812        554.84999772514391        650.44854691335456        70.351952538368749     
         144   0.0000000000000000       0.19212833939018492        494.22780622873836        847.63489147133771        1.1763169536790019     
         145   0.0000000000000000       0.45481353865481267        543.97740367874064        340.65656240336006        45.645312067571183     
         146   0.0000000000000000        7.0744770272914093E-002   414.52920502045106        797.27491616616976        73.584196558272907     
         147   0.0000000000000000       0.40012715502500401        536.07760198338565        147.54284350438880        97.963337205566575     
         148   0.0000000000000000        2.4690544490885258E-002   521.39633332693165        725.14351806930881        93.365597377310351     
         149   0.0000000000000000       0.43227703870647027        502.28029580278792        568.71236506909088        84.368497987805284     
         150   0.0000000000000000       0.24130499496528002        594.51864735160859        422.74531768362897        42.989231929569186     
         151   0.0000000000000000       0.38641555423787599        550.11061066771606        724.49715825380804        91.632708710202266     
         152   0.0000000000000000       0.10407228713742667        453.68813985351539        619.97948587549342        95.006902346525052     
         153   0.0000000000000000       0.46116795024196938        551.42250795284895        176.88160170222488        97.475464559508168     
         154   0.0000000000000000       0.17058777146957754        590.39400918642855        681.69524559639638        59.823605820840939     
         155   0.0000000000000000       0.26919263136900279        486.75692270515452        418.53745696918509        80.976453705213132     
         156   0.0000000000000000        9.9933248912652206E-002   597.46997576283457        136.12581672470102        12.310245104446816     
         157   0.0000000000000000       0.47174985817957349        470.37157534174003        977.36485538729403        25.122120330804552     
         158   0.0000000000000000       0.16857931473438642        436.73112576603114        443.59537857742356        7.9077082636719425     
         159   0.0000000000000000        5.8101224023587916E-002   512.16744804987718        721.56360703056498        90.897868336456000     
         160   0.0000000000000000       0.37389362974798979        414.87865144171582        398.12461669899290        98.611690577092290     
         161   0.0000000000000000       0.39880308750058868        478.91278706717065        86.394086059927716        5.1623846744834889     
         162   0.0000000000000000       0.20778652225481181        450.56972659803478        254.87694714546959        43.010229434604973     
         163   0.0000000000000000       0.39096367527927267        592.62149833641797        102.49184888452510        1.5722418300466168     
         164   0.0000000000000000       0.10280391976903591        412.41393510256984        866.57216782870319        68.510090539498933     
         165   0.0000000000000000       0.35229504157466202        504.83168866306579        589.42174175732498        78.825651953539349     
         166   0.0000000000000000       0.14350703266082038        495.46762685650901        561.41999012219003        93.794129584355929     
         167   0.0000000000000000       0.28512593277424531        581.49954023241344        946.00065007272087        19.298900559265885     
         168   0.0000000000000000        9.4718538176681188E-002   531.73328147301629        891.17413137462631        52.713899588101839     
         169   0.0000000000000000       0.44413973325796940        502.55889196099275        365.04069186817134        32.217316363791490     
         170   0.0000000000000000       0.34703527630675940        403.97629184780902        479.34120223790700        31.994151208121657     
         171   0.0000000000000000       0.48255080354895802        528.29447725071441        564.86120262773602        95.656551102867596     
         172   0.0000000000000000        1.3234618551572819E-002   513.09851441926105        129.93480392706763        8.5288604927915124     
         173   0.0000000000000000       0.48309285017845804        568.38996932188581        508.95263130676187        36.061390139534858     
         174   0.0000000000000000        9.1714891264704057E-002   504.99691648012015        683.47274489857966        18.875971224442402     
         175   0.0000000000000000        7.4432013345666626E-002   431.39889098407309        435.11311065693508        46.771575442996337     
         176   0.0000000000000000       0.29195599301922548        505.27672781357057        367.81368230829088        20.825467848762592     
         177   0.0000000000000000        5.8302187377636816E-003   581.72834536101311        889.85768462177282        7.1985979735178613     
         178   0.0000000000000000       0.14428125918503842        474.76148856605818        960.87714445984500        54.627757313506478     
         179   0.0000000000000000       0.25134750512932197        535.69395089440172        397.27930094844487        44.335914671147449     
         180   0.0000000000000000       0.30950868881140248        571.20253706912536        283.41413751314855        39.510548647640952     
         181   0.0000000000000000       0.29297038562781186        402.30830599159731        961.21571704978146        50.579925024125238     
         182   0.0000000000000000       0.22047609680010460        411.74050608980895        846.01417471995399        14.110201511938081     
         183   0.0000000000000000       0.17659349466396412        434.45754780184478        61.879260541050449        37.827098841632669     
         184   0.0000000000000000       0.14706729327949281        487.05031352439005        261.18805989896333        40.041047768590687     
         185   0.0000000000000000        2.3505629218059876E-002   576.43713221895064        333.80310806615790        85.420157300227800     
         186   0.0000000000000000       0.48124516633858083        515.53699612018818        253.63131923733945        79.860485293172161     
         187   0.0000000000000000       0.31746848386250520        489.85568364299513        105.90240434554826        26.855774006964605     
         188   0.0000000000000000       0.13320168413819566        478.98795259025201        262.55796653659399        89.085036555857258     
         189   0.0000000000000000       0.48854441685410727        429.11674309471687        535.85556099262988        5.0897418508201842     
         190   0.0000000000000000       0.29802266246415959        424.61207281835050        496.29733507418882        9.9899691503624979     
         191   0.0000000000000000       0.10925140979542092        590.67196407857875        914.81227005285439        80.755512245344619     
         192   0.0000000000000000       0.49645617761280120        496.93262580035702        59.726029898604217        69.979232708447910     
         193   0.0000000000000000        6.1719295483688985E-002   447.32215598197973        21.891784395818018        12.001041220686226     
         194   0.0000000000000000       0.33559236944256360        530.05102182641019        539.75187249725127        93.185527315770173     
         195   0.0000000000000000       0.40409897831105790        427.03900847320887        410.13635937677549        23.894182884318994     
         196   0.0000000000000000        8.9224760037030837E-002   507.91737885290433        381.89938325143891        24.739188019370339     
         197   0.0000000000000000       0.21626402146997609        501.82775806428094        894.09268406620333        29.495036849889367     
         198   0.0000000000000000       0.47620743358839229        582.92292364788182        407.54175194556836        81.619041704444584     
         199   0.0000000000000000       0.47211892025639679        457.20214105193202        294.54562109394857        81.798088461670773     
         200   0.0000000000000000       0.18943950326893932        589.26001678118030        646.48731460141505        67.937981378672205     
